{
  "0": [{"cam_R_m2c": [0.8360528, -0.5341964, -0.1250965, -0.336002, -0.3182772, -0.8864554, 0.4337265, 0.7831568, -0.445587], "cam_t_m2c": [41.10816598731651, -31.02152420405121, 779.5600332155444], "obj_id": 2}, {"cam_R_m2c": [0.7175393, 0.6935998, 0.06368101, 0.5268627, -0.4806906, -0.7009652, -0.4555793, 0.5365218, -0.7103467], "cam_t_m2c": [-120.52610863920845, -212.920318030336, 1000.8000318086372],  "obj_id": 8}, {"cam_R_m2c": [-0.6030594, 0.7944213, 0.07220107, 0.4399651, 0.4067492, -0.8006157, -0.6653943, -0.4510539, -0.5948117], "cam_t_m2c": [181.77370250967653, -153.54799056347215, 959.6795636573022],  "obj_id": 15}],
  "1": [{"cam_R_m2c": [0.8756911, -0.4706962, -0.1077497, -0.2931998, -0.3410147, -0.893165, 0.3836657, 0.8137287, -0.4366312], "cam_t_m2c": [32.69495862599048, -30.203948579291914, 778.0795094309634], "obj_id": 2}, {"cam_R_m2c": [0.6626871, 0.7468196, 0.05572699, 0.5595198, -0.4442776, -0.6996821, -0.4977782, 0.4948511, -0.7122777], "cam_t_m2c": [-106.47030255301415, -218.93891326816635, 1008.6702234244262],  "obj_id": 8}, {"cam_R_m2c": [-0.6621831, 0.7454844, 0.07593433, 0.4075337, 0.4433165, -0.7983648, -0.6288316, -0.4977183, -0.5973667], "cam_t_m2c": [189.59941099706768, -145.04839863377208, 949.64377106391],  "obj_id": 15}],
  "2": [{"cam_R_m2c": [0.8920317, -0.4408312, -0.09974507, -0.2733433, -0.3504216, -0.8958181, 0.3599516, 0.8263611, -0.4330845], "cam_t_m2c": [28.822015093117294, -29.954138265133473, 777.4506643033671], "obj_id": 2}, {"cam_R_m2c": [0.6364252, 0.769592, 0.0518875, 0.5734711, -0.4271077, -0.6990786, -0.5158428, 0.4746668, -0.7131601], "cam_t_m2c": [-99.83903747343979, -221.46007222489547, 1011.8258689439003],  "obj_id": 8}, {"cam_R_m2c": [-0.6878219, 0.7217445, 0.07737721, 0.392093, 0.4591264, -0.7971616, -0.6108721, -0.5179655, -0.5987874], "cam_t_m2c": [192.81694130757168, -141.11014883340414, 944.7606243482497],  "obj_id": 15}],
  "3": [{"cam_R_m2c": [0.9058008, -0.4135536, -0.09218626, -0.2549853, -0.3582884, -0.8981165, 0.3383907, 0.8370201, -0.4299871], "cam_t_m2c": [25.352779008889083, -29.761281162421227, 777.0585299304101], "obj_id": 2}, {"cam_R_m2c": [0.6120905, 0.7892904, 0.04863335, 0.5855613, -0.4110498, -0.6986818, -0.531472, 0.4561349, -0.7137772], "cam_t_m2c": [-93.71884778898735, -223.55263807541812, 1014.6016028966865],  "obj_id": 8}, {"cam_R_m2c": [-0.7101567, 0.6996137, 0.0788518, 0.3775335, 0.47295, -0.7961074, -0.5942608, -0.5355918, -0.5999955], "cam_t_m2c": [195.55277150761586, -137.4185161194307, 940.4124470722281],  "obj_id": 15}],
  "4": [{"cam_R_m2c": [0.9201213, -0.3825696, -0.08377352, -0.2341589, -0.365946, -0.900696, 0.313923, 0.8483651, -0.4262958], "cam_t_m2c": [21.42931169195057, -29.684624182142834, 776.6112892397229], "obj_id": 2}, {"cam_R_m2c": [0.5842133, 0.8103625, 0.04480156, 0.5981172, -0.3925733, -0.6986711, -0.5485889, 0.4349701, -0.7140378], "cam_t_m2c": [-86.79332700216509, -225.6641687950302, 1017.5256483214562],  "obj_id": 8}, {"cam_R_m2c": [-0.7342819, 0.6740827, 0.08026536, 0.3605862, 0.4874758, -0.7952005, -0.5751585, -0.5549588, -0.601009], "cam_t_m2c": [198.36293756799992, -133.23923742717398, 935.3989066650587],  "obj_id": 15}],
  "5": [{"cam_R_m2c": [0.9323376, -0.3536475, -0.07537183, -0.2146041, -0.3734239, -0.9024972, 0.2910201, 0.8576061, -0.4240505], "cam_t_m2c": [17.810909181906165, -29.65631739369831, 776.5318754222914], "obj_id": 2}, {"cam_R_m2c": [0.5577378, 0.8289662, 0.04175734, 0.609948, -0.375221, -0.697978, -0.5629315, 0.4147582, -0.7149008], "cam_t_m2c": [-80.2644380140291, -227.73044030849456, 1020.0635462080277],  "obj_id": 8}, {"cam_R_m2c": [-0.755729, 0.6497266, 0.08203264, 0.3447601, 0.5012152, -0.7936777, -0.5567888, -0.5715235, -0.602782], "cam_t_m2c": [200.76327385200491, -129.3824717657675, 930.887655744754],  "obj_id": 15}],
  "6": [{"cam_R_m2c": [0.947558, -0.3130618, -0.0642356, -0.1874916, -0.3817903, -0.9050331, 0.2588068, 0.8696139, -0.4204638], "cam_t_m2c": [12.839802942229463, -29.784556460869982, 776.2793779311775], "obj_id": 2}, {"cam_R_m2c": [0.5203836, 0.853134, 0.03691478, 0.624548, -0.3507604, -0.6977879, -0.5823579, 0.3861723, -0.7153524], "cam_t_m2c": [-71.0924764057872, -230.1302343819252, 1023.2146127082664],  "obj_id": 8}, {"cam_R_m2c": [-0.7840047, 0.6150795, 0.08374416, 0.3221396, 0.5184588, -0.7921031, -0.5306237, -0.5940351, -0.6046148], "cam_t_m2c": [203.77570620711813, -123.99299244659119, 924.3023519741522],  "obj_id": 15}],
  "7": [{"cam_R_m2c": [0.9573377, -0.2834804, -0.05607135, -0.1677536, -0.3871967, -0.9066077, 0.2352944, 0.8773357, -0.4182321], "cam_t_m2c": [9.298268253115461, -29.984984570519636, 776.276811875365], "obj_id": 2}, {"cam_R_m2c": [0.4928447, 0.8694739, 0.03345474, 0.6344594, -0.332787, -0.6976484, -0.5954542, 0.3650574, -0.7156582], "cam_t_m2c": [-64.35054326279999, -231.74474557830962, 1025.3327260338226],  "obj_id": 8}, {"cam_R_m2c": [-0.8033789, 0.5893782, 0.08494365, 0.3054348, 0.5303212, -0.7908654, -0.5111655, -0.6094207, -0.6060653], "cam_t_m2c": [205.74238389024677, -120.10167059334641, 919.5639815371942],  "obj_id": 15}],
  "8": [{"cam_R_m2c": [0.9662878, -0.2530113, -0.04767907, -0.1472206, -0.3910491, -0.9085196, 0.2112207, 0.8849103, -0.4151148], "cam_t_m2c": [5.627151356613884, -30.24611082000618, 776.3738838989409], "obj_id": 2}, {"cam_R_m2c": [0.4642324, 0.8852084, 0.02989682, 0.6432586, -0.3137583, -0.6984085, -0.6088564, 0.3434549, -0.7150755], "cam_t_m2c": [-57.45565279508256, -232.93690222103425, 1027.5651806259825],  "obj_id": 8}, {"cam_R_m2c": [-0.8222778, 0.5625374, 0.08608259, 0.2874616, 0.5411251, -0.7902844, -0.4911454, -0.6250882, -0.6066638], "cam_t_m2c": [207.47845699683867, -115.92339130339508, 914.7862907693592],  "obj_id": 15}],
  "9": [{"cam_R_m2c": [0.9740387, -0.2229661, -0.03920141, -0.1272044, -0.3957941, -0.9094868, 0.1872693, 0.8908611, -0.4138803], "cam_t_m2c": [2.0030902378136446, -30.498729243299866, 776.5766006716078], "obj_id": 2}, {"cam_R_m2c": [0.4357044, 0.8996973, 0.02659713, 0.6524175, -0.295319, -0.6979522, -0.620091, 0.3214535, -0.71565], "cam_t_m2c": [-50.66751454175102, -234.33714374241944, 1029.2340539685022],  "obj_id": 8}, {"cam_R_m2c": [-0.8399066, 0.5356608, 0.08732417, 0.27026, 0.5523226, -0.7886052, -0.4706559, -0.6387547, -0.6086667], "cam_t_m2c": [208.93392198239914, -111.94247256865387, 909.9526069078668],  "obj_id": 15}],
  "10": [{"cam_R_m2c": [0.9806593, -0.193263, -0.03093001, -0.1074281, -0.399398, -0.9104622, 0.1636058, 0.8961759, -0.4124342], "cam_t_m2c": [-1.4669956150111396, -30.87772171321278, 776.734646691959], "obj_id": 2}, {"cam_R_m2c": [0.4073055, 0.9129953, 0.02325311, 0.6604893, -0.276883, -0.6979182, -0.6307581, 0.2996249, -0.7157995], "cam_t_m2c": [-43.875930807505256, -235.5072927186676, 1030.6799054479065],  "obj_id": 8}, {"cam_R_m2c": [-0.8563525, 0.508773, 0.08837125, 0.2528974, 0.5624076, -0.787236, -0.4502254, -0.6518034, -0.6102859], "cam_t_m2c": [210.23753553023244, -108.02521563542824, 905.0779877091305],  "obj_id": 15}],
  "11": [{"cam_R_m2c": [0.9864854, -0.1623008, -0.02247804, -0.08693472, -0.4021699, -0.9114291, 0.1388856, 0.9010651, -0.4108443], "cam_t_m2c": [-5.040859894541244, -31.34321634676521, 777.093021354002], "obj_id": 2}, {"cam_R_m2c": [0.3775207, 0.9257927, 0.01962998, 0.6679644, -0.257579, -0.6981955, -0.641328, 0.2766951, -0.7156385], "cam_t_m2c": [-36.79080517735168, -236.4833287834007, 1032.1795486152162],  "obj_id": 8}, {"cam_R_m2c": [-0.8724812, 0.4804325, 0.08922174, 0.234578, 0.5719736, -0.786015, -0.4286592, -0.6648542, -0.6117355], "cam_t_m2c": [211.3832330681674, -103.93708342574234, 900.1105020472861],  "obj_id": 15}],
  "12": [{"cam_R_m2c": [0.991116, -0.1322804, -0.01382728, -0.06672381, -0.4045849, -0.9120636, 0.115055, 0.904883, -0.4098161], "cam_t_m2c": [-8.426557311794433, -31.842107971757066, 777.6117944763879], "obj_id": 2}, {"cam_R_m2c": [0.3482511, 0.9372547, 0.0165607, 0.6749343, -0.2384446, -0.6982893, -0.6505261, 0.2543585, -0.7156239], "cam_t_m2c": [-29.826316293762204, -237.35821909466935, 1033.4730070069488],  "obj_id": 8}, {"cam_R_m2c": [-0.8871697, 0.4524982, 0.09041394, 0.2163974, 0.581036, -0.7845823, -0.4075566, -0.6764925, -0.6133966], "cam_t_m2c": [212.3372493508462, -99.90829872321129, 895.3953570120655],  "obj_id": 15}],
  "13": [{"cam_R_m2c": [0.9950366, -0.09938005, -0.005125824, -0.04530437, -0.4065346, -0.9125121, 0.08860239, 0.9082146, -0.4090186], "cam_t_m2c": [-12.228155164023102, -32.49348134371393, 778.1092977493226], "obj_id": 2}, {"cam_R_m2c": [0.3161893, 0.9486137, 0.01249466, 0.6816882, -0.2180199, -0.6984045, -0.6597918, 0.229346, -0.7155944], "cam_t_m2c": [-22.37468248844055, -238.1957956193741, 1034.514050055313],  "obj_id": 8}, {"cam_R_m2c": [-0.9021675, 0.4217027, 0.09088562, 0.196919, 0.5900293, -0.7829997, -0.3838185, -0.6884999, -0.6153463], "cam_t_m2c": [213.00974424301103, -95.69488076503104, 889.9844581081976],  "obj_id": 15}],
  "14": [{"cam_R_m2c": [0.9982421, -0.05890844, 0.006569656, -0.01804339, -0.4075717, -0.9129962, 0.05646083, 0.9112718, -0.4079177], "cam_t_m2c": [-16.704946006148152, -33.37909924490782, 779.1077439449923], "obj_id": 2}, {"cam_R_m2c": [0.2760341, 0.9611106, 0.008446319, 0.6889423, -0.1917237, -0.6990007, -0.6701973, 0.1987668, -0.715072], "cam_t_m2c": [-12.961899582129876, -238.85274710729522, 1035.8691712010925],  "obj_id": 8}, {"cam_R_m2c": [-0.9191133, 0.3830269, 0.09230798, 0.1716372, 0.6001428, -0.7812623, -0.3546419, -0.7022251, -0.6173406], "cam_t_m2c": [213.6642733928883, -90.2365419238556, 883.7013717075968],  "obj_id": 15}],
  "15": [{"cam_R_m2c": [0.9995686, -0.02458049, 0.01612451, 0.004699908, -0.4078058, -0.9130567, 0.029019, 0.9127381, -0.407514], "cam_t_m2c": [-20.521857222159916, -34.278017479640816, 779.6470819673283], "obj_id": 2}, {"cam_R_m2c": [0.2417899, 0.9703175, 0.004699752, 0.6942997, -0.1696229, -0.6994107, -0.6778533, 0.1723733, -0.7147046], "cam_t_m2c": [-5.058497626540495, -239.3319549135971, 1036.3061004570611],  "obj_id": 8}, {"cam_R_m2c": [-0.9321705, 0.3498545, 0.0930623, 0.1503249, 0.6079187, -0.7796387, -0.329334, -0.7127671, -0.6192757], "cam_t_m2c": [213.86591978563442, -85.77287665443478, 877.898054594728],  "obj_id": 15}],
  "16": [{"cam_R_m2c": [0.9996727, 0.005715608, 0.02493905, 0.02510414, -0.407384, -0.9129121, 0.004942395, 0.9132396, -0.4073934], "cam_t_m2c": [-23.741256574597994, -35.099981806974455, 780.5370132319089], "obj_id": 2}, {"cam_R_m2c": [0.2111924, 0.9774425, 0.001769032, 0.6984623, -0.1496471, -0.6998255, -0.6837752, 0.149034, -0.7143112], "cam_t_m2c": [2.074095485800507, -239.5603035241119, 1036.8370799800628],  "obj_id": 8}, {"cam_R_m2c": [-0.9426976, 0.3201253, 0.09402072, 0.1309867, 0.6142703, -0.7781478, -0.3068593, -0.7212437, -0.6210031], "cam_t_m2c": [213.94453987161498, -81.71537224876957, 873.1382025702321],  "obj_id": 15}],
  "17": [{"cam_R_m2c": [0.998633, 0.03945908, 0.03427769, 0.04737049, -0.4061047, -0.9125977, -0.02208937, 0.9129742, -0.407419], "cam_t_m2c": [-27.37525966284214, -36.08946361414884, 781.539286641417], "obj_id": 2}, {"cam_R_m2c": [0.1770224, 0.9842044, -0.001918202, 0.7022058, -0.1276666, -0.7004334, -0.6896148, 0.1226459, -0.713715], "cam_t_m2c": [9.90498557644551, -239.62905044461976, 1037.1594968290533],  "obj_id": 8}, {"cam_R_m2c": [-0.9533271, 0.2867539, 0.0945432, 0.1096032, 0.6204181, -0.7765739, -0.2813423, -0.7299674, -0.6228914], "cam_t_m2c": [213.70489032509633, -77.29244520325393, 867.7087839381273],  "obj_id": 15}],
  "18": [{"cam_R_m2c": [0.9965131, 0.07127114, 0.04340194, 0.068644, -0.4043974, -0.9120046, -0.04744753, 0.9118025, -0.4078785], "cam_t_m2c": [-30.69584116554684, -37.1107197521782, 782.5222415871307], "obj_id": 2}, {"cam_R_m2c": [0.1444382, 0.9895012, -0.005074633, 0.7052386, -0.1065386, -0.70092, -0.6941014, 0.09766098, -0.7132218], "cam_t_m2c": [17.394588038457403, -239.59226442364653, 1037.1754661559048],  "obj_id": 8}, {"cam_R_m2c": [-0.9622818, 0.2548314, 0.0952636, 0.08900352, 0.6257761, -0.7749086, -0.2570845, -0.7372015, -0.6248528], "cam_t_m2c": [213.31793540903587, -73.08859055380829, 862.5565965765845],  "obj_id": 15}],
  "19": [{"cam_R_m2c": [0.9933236, 0.1027744, 0.05241133, 0.08960793, -0.4011834, -0.9116048, -0.0726632, 0.910214, -0.4077135], "cam_t_m2c": [-34.00974350570567, -38.10622746917913, 783.8751059100773], "obj_id": 2}, {"cam_R_m2c": [0.1119339, 0.9936818, -0.008203804, 0.7069022, -0.08542617, -0.7021337, -0.6983983, 0.07279293, -0.7119977], "cam_t_m2c": [24.759844697001128, -239.07423822521417, 1037.485081571303],  "obj_id": 8}, {"cam_R_m2c": [-0.9701236, 0.2228638, 0.09587377, 0.06818779, 0.6297147, -0.773828, -0.2328307, -0.7441719, -0.6260971], "cam_t_m2c": [212.65056101535316, -68.77635355550485, 857.7710750696734],  "obj_id": 15}],
  "20": [{"cam_R_m2c": [0.9890032, 0.1344954, 0.06151891, 0.1106595, -0.3969734, -0.9111351, -0.09812106, 0.9079227, -0.4074903], "cam_t_m2c": [-37.202898240491365, -39.32240771557903, 784.9706700090876], "obj_id": 2}, {"cam_R_m2c": [0.07894248, 0.9968151, -0.01129981, 0.7076569, -0.06401958, -0.7036499, -0.7021323, 0.04755244, -0.7104567], "cam_t_m2c": [32.29832878453941, -238.45299859983277, 1037.3133156645383],  "obj_id": 8}, {"cam_R_m2c": [-0.9769775, 0.1902979, 0.09644369, 0.04695075, 0.6327608, -0.7729225, -0.208112, -0.7506001, -0.6271271], "cam_t_m2c": [211.85991282889722, -64.55878044846354, 852.597828453463],  "obj_id": 15}],
  "21": [{"cam_R_m2c": [0.9838777, 0.1643979, 0.0704146, 0.1307778, -0.3927755, -0.910289, -0.1219919, 0.9048206, -0.4079428], "cam_t_m2c": [-40.20698676314754, -40.48276734040337, 786.2763438656168], "obj_id": 2}, {"cam_R_m2c": [0.04749538, 0.9987742, -0.01390946, 0.7080789, -0.04348667, -0.7047936, -0.7045336, 0.0236257, -0.7092767], "cam_t_m2c": [39.413271922899625, -237.7688919814779, 1037.0728640635255],  "obj_id": 8}, {"cam_R_m2c": [-0.9824536, 0.1591691, 0.09720537, 0.02658876, 0.6354106, -0.771717, -0.1845988, -0.7555912, -0.6284938], "cam_t_m2c": [210.874634814974, -60.503678084400406, 847.9183247109138],  "obj_id": 15}],
  "22": [{"cam_R_m2c": [0.9753479, 0.2049323, 0.0818483, 0.1574932, -0.3866504, -0.9086792, -0.1545704, 0.899169, -0.409394], "cam_t_m2c": [-44.26676682985897, -42.15265279852524, 788.1726549637436], "obj_id": 2}, {"cam_R_m2c": [0.004732111, 0.9998263, -0.01799746, 0.7079675, -0.01606045, -0.7060623, -0.706229, -0.009399869, -0.7079211], "cam_t_m2c": [48.9838085518616, -236.77451776858936, 1036.3387677429675],  "obj_id": 8}, {"cam_R_m2c": [-0.9883777, 0.1166095, 0.09752153, -0.0006456263, 0.638304, -0.7697839, -0.1520129, -0.760901, -0.6308104], "cam_t_m2c": [209.1699099231339, -55.18485643282718, 841.4884002131894],  "obj_id": 15}],
  "23": [{"cam_R_m2c": [0.967809, 0.2348916, 0.09040494, 0.1772875, -0.3812669, -0.9073062, -0.1786502, 0.8941267, -0.4106367], "cam_t_m2c": [-47.230543904277354, -43.43765007677479, 789.6119380027267], "obj_id": 2}, {"cam_R_m2c": [-0.02719022, 0.999412, -0.02089661, 0.7070538, 0.00444987, -0.7071451, -0.7066367, -0.03400248, -0.7067595], "cam_t_m2c": [56.0760358239109, -235.80204103757194, 1035.5457387768115],  "obj_id": 8}, {"cam_R_m2c": [-0.9915968, 0.08471609, 0.09776932, -0.02111423, 0.6396344, -0.7683886, -0.1276313, -0.7639969, -0.632471], "cam_t_m2c": [207.6554339009259, -51.201091176432776, 836.6807639814176],  "obj_id": 15}],
  "24": [{"cam_R_m2c": [0.9593349, 0.2643182, 0.09906596, 0.1969619, -0.3754175, -0.9056864, -0.2021981, 0.8883681, -0.4122121], "cam_t_m2c": [-50.05640090898464, -44.808434071300695, 791.1881539897905], "obj_id": 2}, {"cam_R_m2c": [-0.05887647, 0.9979892, -0.02348496, 0.7056029, 0.02496259, -0.7081671, -0.7061566, -0.05826557, -0.7056547], "cam_t_m2c": [63.12514168212432, -234.7497455370904, 1034.6471283294613],  "obj_id": 8}, {"cam_R_m2c": [-0.9937576, 0.05296861, 0.09818414, -0.04163245, 0.6404386, -0.7668797, -0.1035012, -0.7661805, -0.6342362], "cam_t_m2c": [206.00251468839795, -47.27998675061655, 832.0575914750586],  "obj_id": 15}],
  "25": [{"cam_R_m2c": [0.9494849, 0.2948758, 0.1073664, 0.2167483, -0.3688105, -0.9038804, -0.2269335, 0.8814918, -0.4140937], "cam_t_m2c": [-53.07140266796016, -46.26430562752781, 792.9795709814474], "obj_id": 2}, {"cam_R_m2c": [-0.09177191, 0.9954193, -0.02679746, 0.7034236, 0.04575659, -0.7092965, -0.704821, -0.08394257, -0.7044011], "cam_t_m2c": [70.2841670740741, -233.52399235942468, 1033.556213574705],  "obj_id": 8}, {"cam_R_m2c": [-0.9950013, 0.01983188, 0.09787016, -0.06251618, 0.6405444, -0.7653721, -0.07786962, -0.7676649, -0.6361029], "cam_t_m2c": [203.949440166958, -43.33594073901356, 827.2476091298686],  "obj_id": 15}],
  "26": [{"cam_R_m2c": [0.9393232, 0.3230724, 0.1153113, 0.2353495, -0.3623936, -0.9018211, -0.2495647, 0.8742397, -0.4164403], "cam_t_m2c": [-55.66806377445488, -47.63975142442837, 794.6486335739584], "obj_id": 2}, {"cam_R_m2c": [-0.1224685, 0.9920317, -0.0295674, 0.7010604, 0.06538299, -0.7100975, -0.7025058, -0.1076926, -0.7034826], "cam_t_m2c": [77.07560765656967, -232.28328453234795, 1032.231513271988],  "obj_id": 8}, {"cam_R_m2c": [-0.995145, -0.01117459, 0.09777998, -0.08222528, 0.6403638, -0.7636571, -0.05408164, -0.7679899, -0.6381745], "cam_t_m2c": [201.98931986761696, -39.6094551872609, 822.7692825552839],  "obj_id": 15}],
  "27": [{"cam_R_m2c": [0.9271667, 0.3535925, 0.1238303, 0.2552665, -0.3542916, -0.8996207, -0.2742261, 0.8657077, -0.4187481], "cam_t_m2c": [-58.59382717067395, -49.2666927699419, 796.7372267612245], "obj_id": 2}, {"cam_R_m2c": [-0.1559268, 0.9872292, -0.03261822, 0.6974139, 0.08664666, -0.7114116, -0.6994997, -0.1336758, -0.7020189], "cam_t_m2c": [84.27943825982102, -230.71841476772263, 1030.8791021500633],  "obj_id": 8}, {"cam_R_m2c": [-0.9942101, -0.04509935, 0.09752185, -0.1037457, 0.6390548, -0.7621325, -0.02795076, -0.7678375, -0.6400343], "cam_t_m2c": [199.47732326946584, -35.64445165210514, 818.0958016605783],  "obj_id": 15}],
  "28": [{"cam_R_m2c": [0.9148259, 0.3818822, 0.1313806, 0.2734832, -0.346441, -0.8973218, -0.297155, 0.8568231, -0.4213712], "cam_t_m2c": [-61.15506995483951, -50.79276136771469, 798.5000087899884], "obj_id": 2}, {"cam_R_m2c": [-0.1870592, 0.9816981, -0.03574732, 0.6935776, 0.1062131, -0.7125088, -0.6956718, -0.1580744, -0.7007523], "cam_t_m2c": [91.05532483000839, -229.1616408640907, 1029.1002241984581],  "obj_id": 8}, {"cam_R_m2c": [-0.9923283, -0.07681131, 0.09687164, -0.1235835, 0.6373839, -0.7605712, -0.003324334, -0.7667088, -0.6419869], "cam_t_m2c": [197.04189400039064, -32.00668274095669, 813.4664500356911],  "obj_id": 15}],
  "29": [{"cam_R_m2c": [0.9002565, 0.4123478, 0.1396739, 0.2930796, -0.3367652, -0.8948146, -0.3219374, 0.8464983, -0.4240257], "cam_t_m2c": [-64.01200365224322, -52.594775814601135, 800.6857876054283], "obj_id": 2}, {"cam_R_m2c": [-0.2209317, 0.9745116, -0.03894132, 0.6883217, 0.1275142, -0.7141094, -0.6909428, -0.1845736, -0.6989501], "cam_t_m2c": [98.23902090793122, -227.25383035425415, 1027.2446042825661],  "obj_id": 8}, {"cam_R_m2c": [-0.9891015, -0.1114289, 0.09623695, -0.1453415, 0.6344616, -0.7591661, 0.02353445, -0.7648806, -0.6437426], "cam_t_m2c": [194.01905659637205, -28.124288782980916, 808.669603657448],  "obj_id": 15}],
  "30": [{"cam_R_m2c": [0.8799081, 0.4505419, 0.1509145, 0.3182082, -0.3228969, -0.8913369, -0.3528546, 0.8323165, -0.4274852], "cam_t_m2c": [-67.31630638434392, -54.94471025880509, 803.4184740659458], "obj_id": 2}, {"cam_R_m2c": [-0.2641648, 0.9635575, -0.04212103, 0.6801628, 0.1551513, -0.716454, -0.6838098, -0.217911, -0.6963617], "cam_t_m2c": [107.5467303755668, -224.3609103562279, 1024.5089986692956],  "obj_id": 8}, {"cam_R_m2c": [-0.9831118, -0.1557382, 0.09610703, -0.173742, 0.6293209, -0.757475, 0.05748567, -0.7613814, -0.6457511], "cam_t_m2c": [190.0224795899199, -23.02892618539505, 802.5528881462516],  "obj_id": 15}],
  "31": [{"cam_R_m2c": [0.8638685, 0.4782014, 0.1582903, 0.3360038, -0.3129331, -0.8883553, -0.3752776, 0.8206072, -0.4310107], "cam_t_m2c": [-69.73778210185871, -56.7300323552719, 805.7014000498768], "obj_id": 2}, {"cam_R_m2c": [-0.2954966, 0.9542782, -0.04510938, 0.674072, 0.1748042, -0.7176842, -0.6769844, -0.2424797, -0.6949067], "cam_t_m2c": [114.16664672303267, -222.34518470679626, 1022.289607665953],  "obj_id": 8}, {"cam_R_m2c": [-0.9775343, -0.1880608, 0.09518164, -0.1939123, 0.6254168, -0.755812, 0.08261015, -0.7572888, -0.6478339], "cam_t_m2c": [186.78252926901905, -19.52113881384029, 798.2575661219638],  "obj_id": 15}],
  "32": [{"cam_R_m2c": [0.8461604, 0.5063604, 0.1661699, 0.3542801, -0.3015353, -0.8851904, -0.3981192, 0.8078832, -0.4345406], "cam_t_m2c": [-72.20194651510887, -58.61879726822186, 808.098489091494], "obj_id": 2}, {"cam_R_m2c": [-0.327836, 0.9435253, -0.04778046, 0.6667227, 0.1952344, -0.7192799, -0.6693305, -0.2676623, -0.6930751], "cam_t_m2c": [120.90765394464478, -219.95176824723893, 1019.8537287572784],  "obj_id": 8}, {"cam_R_m2c": [-0.9705656, -0.2215207, 0.09449898, -0.2150242, 0.620324, -0.7542956, 0.1084724, -0.7524135, -0.6496978], "cam_t_m2c": [183.1625195573622, -15.850452939401627, 793.8707523929405],  "obj_id": 15}],
  "33": [{"cam_R_m2c": [0.8276787, 0.5337778, 0.1732944, 0.371457, -0.2895934, -0.8821319, -0.4206773, 0.7944916, -0.437965], "cam_t_m2c": [-74.49413659591846, -60.55012188174972, 810.310354276801], "obj_id": 2}, {"cam_R_m2c": [-0.3594094, 0.9317929, -0.0508664, 0.6586694, 0.2146932, -0.7211532, -0.6610442, -0.2926935, -0.6909057], "cam_t_m2c": [127.50564402110672, -217.46107272050173, 1017.0344762301773],  "obj_id": 8}, {"cam_R_m2c": [-0.9626043, -0.2543692, 0.09321699, -0.2352845, 0.6144003, -0.7530963, 0.1342924, -0.746866, -0.6512728], "cam_t_m2c": [179.4452200522218, -12.426855983822822, 789.2968586948205],  "obj_id": 15}],
  "34": [{"cam_R_m2c": [0.8095716, 0.5587344, 0.1800279, 0.3875569, -0.2783898, -0.8788055, -0.440901, 0.7812266, -0.4419183], "cam_t_m2c": [-76.5752870781231, -62.35179484915638, 812.6278518704544], "obj_id": 2}, {"cam_R_m2c": [-0.388526, 0.9198877, -0.05341952, 0.6509489, 0.2329802, -0.7224855, -0.6521596, -0.315478, -0.6893198], "cam_t_m2c": [133.50909978820692, -215.0765790726524, 1014.3692098790666],  "obj_id": 8}, {"cam_R_m2c": [-0.9541542, -0.2847598, 0.09219832, -0.2542863, 0.6087194, -0.7515309, 0.1578832, -0.7405216, -0.6532236], "cam_t_m2c": [175.76541237583444, -9.203309817516137, 785.3892268141113],  "obj_id": 15}],
  "35": [{"cam_R_m2c": [0.7897244, 0.5842422, 0.1870772, 0.4039453, -0.2657284, -0.8753382, -0.4616975, 0.7668443, -0.4458534], "cam_t_m2c": [-78.71905559783707, -64.35966950071621, 815.0268483384226], "obj_id": 2}, {"cam_R_m2c": [-0.4186468, 0.9064306, -0.05584779, 0.6419204, 0.2518577, -0.7242275, -0.6423963, -0.3390452, -0.6872956], "cam_t_m2c": [139.61289209312798, -212.41748752778014, 1011.4197296026643],  "obj_id": 8}, {"cam_R_m2c": [-0.9442598, -0.3163098, 0.09122278, -0.2740562, 0.6017755, -0.7501726, 0.1823914, -0.7333585, -0.6549188], "cam_t_m2c": [171.67189789300255, -5.9631761335346205, 781.3103408441792],  "obj_id": 15}],
  "36": [{"cam_R_m2c": [0.7702748, 0.6075823, 0.193703, 0.4192277, -0.2535611, -0.8717546, -0.480547, 0.7526959, -0.4500269], "cam_t_m2c": [-80.53185807841416, -66.27543219701062, 817.4700965724677], "obj_id": 2}, {"cam_R_m2c": [-0.4465604, 0.8928789, -0.05788142, 0.6330501, 0.2695695, -0.7256587, -0.6323225, -0.3606923, -0.6856165], "cam_t_m2c": [145.33314488040284, -209.83771720111844, 1008.6103338075425],  "obj_id": 8}, {"cam_R_m2c": [-0.9339968, -0.3456519, 0.09040777, -0.2926205, 0.5948828, -0.7486576, 0.204993, -0.7256997, -0.6567636], "cam_t_m2c": [167.77158431588188, -2.943496983184243, 777.758931543758],  "obj_id": 15}],
  "37": [{"cam_R_m2c": [0.7425418, 0.6385559, 0.2021846, 0.4390685, -0.2360906, -0.8668798, -0.5058171, 0.7324666, -0.4556765], "cam_t_m2c": [-82.90288620647696, -68.9516153381384, 820.6545196542661], "obj_id": 2}, {"cam_R_m2c": [-0.4839262, 0.8729916, -0.06083249, 0.6199356, 0.2929257, -0.7279246, -0.6176526, -0.3899739, -0.682953], "cam_t_m2c": [152.89088173917364, -206.12768554132154, 1004.3496597149406],  "obj_id": 8}, {"cam_R_m2c": [-0.9185636, -0.3851479, 0.08888836, -0.3172934, 0.5843579, -0.7468939, 0.2357221, -0.7142736, -0.6589746], "cam_t_m2c": [162.1717042407246, 0.9658805595012661, 772.7737050181667],  "obj_id": 15}],
  "38": [{"cam_R_m2c": [0.7204568, 0.661436, 0.2084355, 0.4531281, -0.2214499, -0.8635019, -0.5249926, 0.716563, -0.4592608], "cam_t_m2c": [-84.51077869772226, -70.93150424023838, 823.072695088274], "obj_id": 2}, {"cam_R_m2c": [-0.5118831, 0.8567421, -0.062995, 0.6086172, 0.3099269, -0.7304317, -0.6062673, -0.4122352, -0.6800752], "cam_t_m2c": [158.58107137601243, -202.8705732985092, 1001.000614814859],  "obj_id": 8}, {"cam_R_m2c": [-0.9056591, -0.4148501, 0.08763786, -0.3355421, 0.5748689, -0.7462822, 0.2592148, -0.7052835, -0.6598356], "cam_t_m2c": [157.7996669841132, 3.8890319439840315, 768.9422852106361],  "obj_id": 15}],
  "39": [{"cam_R_m2c": [0.6979194, 0.6831883, 0.2148551, 0.4674704, -0.2072906, -0.8593615, -0.5425681, 0.7002029, -0.4640427], "cam_t_m2c": [-86.00232914034042, -73.00623696099817, 825.6307263054017], "obj_id": 2}, {"cam_R_m2c": [-0.5389781, 0.8398403, -0.06457759, 0.5975298, 0.3271824, -0.7320583, -0.5936834, -0.4331505, -0.6781744], "cam_t_m2c": [164.0335620749998, -199.79185846138384, 997.5823285050895],  "obj_id": 8}, {"cam_R_m2c": [-0.8919497, -0.4437234, 0.08679961, -0.3539074, 0.5657129, -0.7447938, 0.2813789, -0.6950381, -0.6616251], "cam_t_m2c": [153.320313441236, 6.7419922068218225, 765.5688854636401],  "obj_id": 15}],
  "40": [{"cam_R_m2c": [0.6736476, 0.7051625, 0.2212381, 0.4814452, -0.1915927, -0.8552797, -0.560723, 0.6826701, -0.468563], "cam_t_m2c": [-87.46694497286643, -75.19935431456183, 828.3578935973943], "obj_id": 2}, {"cam_R_m2c": [-0.5666522, 0.8212903, -0.06624229, 0.5849835, 0.3443858, -0.7342975, -0.5802579, -0.4548415, -0.6755884], "cam_t_m2c": [169.54229028392845, -196.3558943309227, 993.9698101778572],  "obj_id": 8}, {"cam_R_m2c": [-0.8766836, -0.4733639, 0.0857467, -0.3724475, 0.5550545, -0.7437723, 0.3044807, -0.683989, -0.6629105], "cam_t_m2c": [148.47992609118347, 9.550306263983344, 762.1072506017172],  "obj_id": 15}],
  "41": [{"cam_R_m2c": [0.6488741, 0.7261527, 0.2273019, 0.4949872, -0.1759601, -0.8508976, -0.5778854, 0.6646361, -0.4736112], "cam_t_m2c": [-88.9101409470972, -77.38461865907058, 831.0573730475322], "obj_id": 2}, {"cam_R_m2c": [-0.593433, 0.8020202, -0.06783276, 0.5722927, 0.3611845, -0.7362249, -0.5659672, -0.4757204, -0.6733285], "cam_t_m2c": [174.722612213938, -192.91736563191986, 990.1482912711738],  "obj_id": 8}, {"cam_R_m2c": [-0.8606063, -0.5021958, 0.08459529, -0.3905638, 0.544234, -0.7424753, 0.3268285, -0.6720193, -0.6645098], "cam_t_m2c": [143.43549243687454, 12.260342441210557, 758.7944580244181],  "obj_id": 15}],
  "42": [{"cam_R_m2c": [0.6227283, 0.7468619, 0.2332538, 0.5080767, -0.1592714, -0.8464583, -0.5950366, 0.6456236, -0.478646], "cam_t_m2c": [-90.09882348871174, -79.6552333462988, 833.8440338063419], "obj_id": 2}, {"cam_R_m2c": [-0.6202283, 0.7813451, -0.06939749, 0.5585211, 0.3777622, -0.7384783, -0.5507904, -0.4967853, -0.670697], "cam_t_m2c": [180.02887034346824, -189.2340831692619, 986.1047756985633],  "obj_id": 8}, {"cam_R_m2c": [-0.8431408, -0.5311992, 0.08330812, -0.4086135, 0.5322904, -0.741419, 0.3494973, -0.6591616, -0.6658511], "cam_t_m2c": [138.28981030074556, 14.88924542324848, 755.4692844837878],  "obj_id": 15}],
  "43": [{"cam_R_m2c": [0.5968186, 0.766133, 0.2384306, 0.5196851, -0.1426821, -0.8423598, -0.6113396, 0.6266441, -0.483303], "cam_t_m2c": [-91.26760804333534, -81.82563632786885, 836.6426440062417], "obj_id": 2}, {"cam_R_m2c": [-0.6453909, 0.7605309, -0.07115957, 0.5446267, 0.3928429, -0.7409834, -0.5355862, -0.5169792, -0.6677428], "cam_t_m2c": [184.8393805848931, -185.54294153703384, 982.133745233554],  "obj_id": 8}, {"cam_R_m2c": [-0.8253959, -0.5586191, 0.08164805, -0.4252302, 0.5200337, -0.7407726, 0.37135, -0.6461503, -0.6667754], "cam_t_m2c": [133.0606250891096, 17.25340475590096, 752.3644522355445],  "obj_id": 15}],
  "44": [{"cam_R_m2c": [0.5678381, 0.7862446, 0.243681, 0.5319343, -0.1245819, -0.8375711, -0.6281775, 0.6052269, -0.4889725], "cam_t_m2c": [-92.4194457999548, -84.28530977365857, 839.6475791032027], "obj_id": 2}, {"cam_R_m2c": [-0.6720341, 0.7369031, -0.07310244, 0.5292609, 0.408923, -0.743414, -0.5179312, -0.5382898, -0.6648245], "cam_t_m2c": [189.87218729494646, -181.59015848754424, 977.4993117980797],  "obj_id": 8}, {"cam_R_m2c": [-0.8050488, -0.5878395, 0.07963014, -0.4429742, 0.5064406, -0.7397912, 0.3945506, -0.630843, -0.6681072], "cam_t_m2c": [127.20980247748216, 19.645992101663587, 749.0726768323001],  "obj_id": 15}],
  "45": [{"cam_R_m2c": [0.5405277, 0.803672, 0.2488798, 0.5431513, -0.1074295, -0.8327346, -0.6425081, 0.5852947, -0.4945844], "cam_t_m2c": [-93.26787373259029, -86.53221801827145, 842.3908574553664], "obj_id": 2}, {"cam_R_m2c": [-0.6958463, 0.714353, -0.07413992, 0.514506, 0.4238105, -0.7454321, -0.5010799, -0.5568514, -0.6624465], "cam_t_m2c": [194.38882799997836, -177.74407358754118, 973.1343895487328],  "obj_id": 8}, {"cam_R_m2c": [-0.7853617, -0.6140576, 0.07835151, -0.4594269, 0.4933521, -0.7386007, 0.4148885, -0.6160657, -0.669575], "cam_t_m2c": [121.77612927681263, 21.907945592819026, 746.2694128055109],  "obj_id": 15}],
  "46": [{"cam_R_m2c": [0.5108502, 0.8214594, 0.2534499, 0.5543034, -0.08939786, -0.8274997, -0.6570997, 0.5632162, -0.5010068], "cam_t_m2c": [-94.13752816928636, -89.02521257384294, 845.4709315715285], "obj_id": 2}, {"cam_R_m2c": [-0.720296, 0.689507, -0.07584835, 0.4987973, 0.4388529, -0.7474014, -0.4820524, -0.5761835, -0.6600289], "cam_t_m2c": [198.8944078128704, -173.8333248773781, 968.3520402808274],  "obj_id": 8}, {"cam_R_m2c": [-0.7635589, -0.641225, 0.07620703, -0.4761239, 0.4793414, -0.7372496, 0.436214, -0.5992181, -0.6713085], "cam_t_m2c": [115.79132912305148, 24.004944419453622, 743.5073773027221],  "obj_id": 15}],
  "47": [{"cam_R_m2c": [0.4733565, 0.8418421, 0.2593018, 0.5667672, -0.06572588, -0.8212531, -0.6743219, 0.5357081, -0.5082389], "cam_t_m2c": [-94.94868374459668, -91.97641199274193, 849.0750413902472], "obj_id": 2}, {"cam_R_m2c": [-0.749316, 0.6577017, -0.07716694, 0.4779059, 0.4564175, -0.7505264, -0.4584019, -0.5992595, -0.6563195], "cam_t_m2c": [204.21724660133913, -168.4774045727211, 962.24497508472],  "obj_id": 8}, {"cam_R_m2c": [-0.7353067, -0.6736724, 0.07409453, -0.4959849, 0.4603878, -0.7362354, 0.4618691, -0.5781088, -0.6726565], "cam_t_m2c": [108.29955905733762, 26.557127210845756, 740.0677882516767],  "obj_id": 15}],
  "48": [{"cam_R_m2c": [0.4540365, 0.8515642, 0.2620891, 0.5727134, -0.0536, -0.8180016, -0.6825324, 0.5215045, -0.512039], "cam_t_m2c": [-95.30422622890796, -93.54693766363106, 850.937307613192], "obj_id": 2}, {"cam_R_m2c": [-0.7634802, 0.6411319, -0.07777177, 0.4670874, 0.4649931, -0.7520706, -0.4460134, -0.6105168, -0.6544787], "cam_t_m2c": [206.7556184746209, -165.79794077358628, 959.1024414017845],  "obj_id": 8}, {"cam_R_m2c": [-0.7204802, -0.6896249, 0.07298061, -0.5057473, 0.45052, -0.7356973, 0.4744754, -0.5669658, -0.6733675], "cam_t_m2c": [104.41717029853866, 27.70240415744381, 738.4538854870663],  "obj_id": 15}],
  "49": [{"cam_R_m2c": [0.4146006, 0.8698984, 0.2671787, 0.583729, -0.02898836, -0.8114315, -0.6981168, 0.4923791, -0.5198032], "cam_t_m2c": [-95.86205351191178, -96.58018292957414, 854.7871646955009], "obj_id": 2}, {"cam_R_m2c": [-0.7908084, 0.6069431, -0.07900929, 0.4449024, 0.4813699, -0.7552121, -0.4203375, -0.6323785, -0.6507019], "cam_t_m2c": [211.57552892164665, -160.23068176596985, 952.7193542905746],  "obj_id": 8}, {"cam_R_m2c": [-0.6896931, -0.7206613, 0.0705047, -0.5245705, 0.4301497, -0.7347089, 0.499148, -0.5437081, -0.6747088], "cam_t_m2c": [96.49541981029377, 29.931529459493063, 735.4726891523941],  "obj_id": 15}],
  "50": [{"cam_R_m2c": [0.3859019, 0.8819177, 0.270741, 0.5915585, -0.01135843, -0.8061823, -0.7079113, 0.4712661, -0.5260888], "cam_t_m2c": [-96.0757185028658, -98.76667585925976, 857.4433671309981], "obj_id": 2}, {"cam_R_m2c": [-0.8094448, 0.5817806, -0.07955575, 0.4288049, 0.4930958, -0.7569562, -0.4011541, -0.6468283, -0.6486045], "cam_t_m2c": [214.84353516271324, -156.2127069775238, 947.9361409679856],  "obj_id": 8}, {"cam_R_m2c": [-0.6668374, -0.7420107, 0.06889633, -0.5380062, 0.415397, -0.7334808, 0.5156314, -0.5261797, -0.6762087], "cam_t_m2c": [90.78248652505555, 31.505964256500626, 733.5258475061352],  "obj_id": 15}],
  "51": [{"cam_R_m2c": [0.3544641, 0.8939732, 0.274169, 0.5987923, 0.008189961, -0.8008626, -0.7181944, 0.4480465, -0.532401], "cam_t_m2c": [-96.20059883413523, -101.20876555382641, 860.4183155447982], "obj_id": 2}, {"cam_R_m2c": [-0.8286837, 0.5539438, -0.0801874, 0.4108067, 0.5046372, -0.7593278, -0.3801591, -0.6621836, -0.6457486], "cam_t_m2c": [218.1408009545685, -151.84852270418241, 942.7900038227523],  "obj_id": 8}, {"cam_R_m2c": [-0.6414151, -0.7642672, 0.06695374, -0.5515332, 0.3986882, -0.732706, 0.5332891, -0.5068958, -0.6772433], "cam_t_m2c": [84.51190105445072, 32.88566098361434, 731.5608146273802],  "obj_id": 15}],
  "52": [{"cam_R_m2c": [0.3250311, 0.9041893, 0.2771244, 0.6047339, 0.02657647, -0.7959843, -0.7270851, 0.4263047, -0.5381552], "cam_t_m2c": [-96.23973740849323, -103.44782282691456, 863.0334449525172], "obj_id": 2}, {"cam_R_m2c": [-0.845634, 0.5276397, -0.08062176, 0.3937282, 0.5146402, -0.7616583, -0.3603891, -0.6758271, -0.6429435], "cam_t_m2c": [220.94447166883683, -147.7150950879448, 937.8300190579528],  "obj_id": 8}, {"cam_R_m2c": [-0.6172464, -0.7840675, 0.06515698, -0.5634429, 0.3827187, -0.7321597, 0.549126, -0.4886347, -0.6780086], "cam_t_m2c": [78.60381694844956, 34.03569171818981, 729.72682298451],  "obj_id": 15}],
  "53": [{"cam_R_m2c": [0.2929547, 0.9142573, 0.2798399, 0.61076, 0.04624331, -0.7904645, -0.7356291, 0.402485, -0.5448446], "cam_t_m2c": [-96.15153183338909, -105.7994783354802, 866.1271307678217], "obj_id": 2}, {"cam_R_m2c": [-0.8629605, 0.4987067, -0.08117383, 0.3752796, 0.5250494, -0.7638639, -0.338324, -0.6896477, -0.6402518], "cam_t_m2c": [223.75052432479166, -143.23269666302107, 932.6190928441292],  "obj_id": 8}, {"cam_R_m2c": [-0.5905368, -0.8045487, 0.06297672, -0.5758778, 0.3654498, -0.7313074, 0.565358, -0.4681317, -0.6791337], "cam_t_m2c": [72.17877451415191, 35.23439880859031, 728.2254687646301],  "obj_id": 15}],
  "54": [{"cam_R_m2c": [0.2614287, 0.9230355, 0.2822427, 0.6150633, 0.06604838, -0.7857066, -0.743877, 0.3790031, -0.5504583], "cam_t_m2c": [-96.01748978435879, -108.06727988765529, 868.8373104033257], "obj_id": 2}, {"cam_R_m2c": [-0.8788815, 0.4700171, -0.08155365, 0.356587, 0.5337318, -0.7667956, -0.3168795, -0.7030036, -0.6366894], "cam_t_m2c": [226.179169948666, -138.7235240349228, 927.2273294351853],  "obj_id": 8}, {"cam_R_m2c": [-0.5639021, -0.8235962, 0.06085569, -0.5867251, 0.347681, -0.7313485, 0.5811777, -0.4481152, -0.6792829], "cam_t_m2c": [65.7912739968999, 36.11503564357319, 726.4576587499002],  "obj_id": 15}],
  "55": [{"cam_R_m2c": [0.1852748, 0.9398017, 0.2871357, 0.6255681, 0.1125452, -0.77201, -0.7578517, 0.3226556, -0.5670575], "cam_t_m2c": [-94.93824353024863, -113.60531828255672, 875.6641953004794], "obj_id": 2}, {"cam_R_m2c": [-0.9129885, 0.3997237, -0.08168846, 0.3118985, 0.5547608, -0.7713369, -0.2630035, -0.7297, -0.6311629], "cam_t_m2c": [231.316505622901, -128.13300373052596, 914.4812764436471],  "obj_id": 8}, {"cam_R_m2c": [-0.4980423, -0.8653454, 0.05596007, -0.6126156, 0.3054441, -0.7289763, 0.6137235, -0.3973428, -0.6822474], "cam_t_m2c": [50.6417167236877, 38.09108606551819, 723.8836993977103],  "obj_id": 15}],
  "56": [{"cam_R_m2c": [0.1510399, 0.9453396, 0.2889989, 0.6283739, 0.1338698, -0.766307, -0.7631081, 0.2973416, -0.5738063], "cam_t_m2c": [-94.26763362223569, -116.04151843788699, 878.776153791485], "obj_id": 2}, {"cam_R_m2c": [-0.9263874, 0.3676845, -0.08132775, 0.2911547, 0.5623873, -0.7739187, -0.2388202, -0.7406269, -0.6280411], "cam_t_m2c": [233.14869449911996, -123.26427343811645, 908.8812748650558],  "obj_id": 8}, {"cam_R_m2c": [-0.4677513, -0.8822129, 0.05393332, -0.6225865, 0.2855552, -0.7285908, 0.6273708, -0.3743777, -0.6828222], "cam_t_m2c": [43.803307936543995, 38.61826369059582, 723.0220752935157],  "obj_id": 15}],
  "57": [{"cam_R_m2c": [0.1187473, 0.9495597, 0.2902342, 0.6303696, 0.1537448, -0.7609193, -0.7671597, 0.273311, -0.5803167], "cam_t_m2c": [-93.4606693353567, -118.23656261561165, 881.4070050455568], "obj_id": 2}, {"cam_R_m2c": [-0.9379302, 0.3372073, -0.08110458, 0.2716558, 0.5688994, -0.7762459, -0.2156149, -0.7500964, -0.6251923], "cam_t_m2c": [234.68939517005646, -118.65860836943587, 903.2537683566125],  "obj_id": 8}, {"cam_R_m2c": [-0.4388293, -0.897078, 0.05176773, -0.6312985, 0.2667941, -0.7282059, 0.6394457, -0.3522386, -0.6834009], "cam_t_m2c": [37.4163766031609, 39.03917394647274, 722.1017954477351],  "obj_id": 15}],
  "58": [{"cam_R_m2c": [0.08519385, 0.9527608, 0.2915306, 0.6319557, 0.1745401, -0.7550954, -0.7703087, 0.2485631, -0.5872324], "cam_t_m2c": [-92.5786190564559, -120.54254923282603, 884.2931933570085], "obj_id": 2}, {"cam_R_m2c": [-0.9488536, 0.3053016, -0.08042593, 0.251075, 0.5752426, -0.7784973, -0.1914117, -0.7588725, -0.6224743], "cam_t_m2c": [235.95896203989327, -113.8444215056343, 897.6400859986618],  "obj_id": 8}, {"cam_R_m2c": [-0.4083768, -0.9114529, 0.04982552, -0.6399449, 0.2469493, -0.7276584, 0.6509218, -0.3290444, -0.6841276], "cam_t_m2c": [30.699468193210755, 39.353343286063954, 721.5711840085971],  "obj_id": 15}],
  "59": [{"cam_R_m2c": [0.05298582, 0.9548997, 0.2921627, 0.6331099, 0.194134, -0.7493221, -0.7722465, 0.224674, -0.5942705], "cam_t_m2c": [-91.59671308707821, -122.70802839894924, 886.880237454358], "obj_id": 2}, {"cam_R_m2c": [-0.9582747, 0.2744245, -0.080001, 0.2315054, 0.5809166, -0.7803463, -0.1676721, -0.7663072, -0.620209], "cam_t_m2c": [236.96576908281477, -109.28500356614609, 892.0164357497665],  "obj_id": 8}, {"cam_R_m2c": [-0.3788179, -0.9242458, 0.0476029, -0.6477771, 0.2280641, -0.726891, 0.6609699, -0.3061956, -0.6851005], "cam_t_m2c": [24.282658139140512, 39.5790849888422, 721.1170703958173],  "obj_id": 15}],
  "60": [{"cam_R_m2c": [0.02027865, 0.9559914, 0.2926929, 0.6324819, 0.2144615, -0.7442938, -0.7743106, 0.2002156, -0.600298], "cam_t_m2c": [-90.50626949425535, -124.86026233229543, 889.6772644596127], "obj_id": 2}, {"cam_R_m2c": [-0.9668216, 0.2428387, -0.07927667, 0.2111319, 0.5849286, -0.783123, -0.1438015, -0.7738788, -0.6167924], "cam_t_m2c": [237.7291209263337, -104.58017287927856, 886.5028429873994],  "obj_id": 8}, {"cam_R_m2c": [-0.3484327, -0.9362282, 0.04550758, -0.6541679, 0.2081148, -0.7271533, 0.6713114, -0.283134, -0.6849644], "cam_t_m2c": [17.745142505886875, 39.46482277633152, 720.7941820997211],  "obj_id": 15}],
  "61": [{"cam_R_m2c": [-0.01145573, 0.9559753, 0.2932231, 0.6322634, 0.2341058, -0.738538, -0.7746701, 0.1769333, -0.60711], "cam_t_m2c": [-89.32080729443247, -127.03233292495993, 892.2837025274222], "obj_id": 2}, {"cam_R_m2c": [-0.9741434, 0.2119761, -0.07816428, 0.1912135, 0.5892739, -0.7849804, -0.1203371, -0.7796302, -0.6145702], "cam_t_m2c": [238.25710245559495, -100.04284409850234, 881.1446015018464],  "obj_id": 8}, {"cam_R_m2c": [-0.3185869, -0.9468828, 0.04375821, -0.6607257, 0.1887328, -0.7265133, 0.679665, -0.2603703, -0.6857576], "cam_t_m2c": [11.416922041313057, 39.36393091550808, 720.7995179136951],  "obj_id": 15}],
