{
  "0": [{"cam_R_m2c": [0.9326221, 0.3330715, 0.1388542, 0.2565708, -0.3414649, -0.9041978, -0.2537489, 0.8789003, -0.403913], "cam_t_m2c": [-27.31715609971447, 11.343295720978546, 700.8984258946753], "obj_id": 2}, {"cam_R_m2c": [-0.1413846, 0.9898913, -0.01121664, 0.6876832, 0.0900576, -0.7204035, -0.7121114, -0.1095677, -0.6934639], "cam_t_m2c": [110.4055433567659, -166.38662732313617, 940.9077527034257], "obj_id": 8}, {"cam_R_m2c": [-0.9926569, -0.02856516, 0.1175418, -0.1092379, 0.6290381, -0.7696608, -0.05195226, -0.77685, -0.6275387], "cam_t_m2c": [230.05506013038496, 26.570990047776224, 728.6515975531659], "obj_id": 15}],
  "1": [{"cam_R_m2c": [0.9459639, 0.2975905, 0.1288116, 0.2338048, -0.3506833, -0.9068392, -0.2246945, 0.8879538, -0.4013111], "cam_t_m2c": [-23.97835428356953, 13.158749459807586, 698.8783297650751], "obj_id": 2}, {"cam_R_m2c": [-0.1026169, 0.99469, -0.007783759, 0.6918573, 0.06574827, -0.7190345, -0.7147052, -0.07917016, -0.6949306], "cam_t_m2c": [101.9393260387714, -168.2165320379183, 942.615397822684], "obj_id": 8}, {"cam_R_m2c": [-0.9929973, 0.01064743, 0.1176513, -0.08465127, 0.6305284, -0.7715361, -0.08239736, -0.7760937, -0.6252114], "cam_t_m2c": [232.72389752855267, 21.997743976189597, 734.4921363598144], "obj_id": 15}],
  "2": [{"cam_R_m2c": [0.9577675, 0.2618487, 0.1188198, 0.2108661, -0.3586563, -0.9093418, -0.1954937, 0.8959922, -0.3987232], "cam_t_m2c": [-20.5883882502718, 14.82997096511097, 696.9569385240042], "obj_id": 2}, {"cam_R_m2c": [-0.06397676, 0.9979429, -0.004178133, 0.694813, 0.04153687, -0.7179903, -0.7163396, -0.04883706, -0.6960405], "cam_t_m2c": [93.41197528162574, -169.78747237430747, 944.1013929114154], "obj_id": 8}, {"cam_R_m2c": [-0.9918035, 0.04957303, 0.1177652, -0.0603267, 0.6307958, -0.7736005, -0.1126358, -0.7743643, -0.6226341], "cam_t_m2c": [235.05271407995457, 17.37144691093464, 740.3595951425076], "obj_id": 15}],
  "3": [{"cam_R_m2c": [0.9667794, 0.2307891, 0.1098858, 0.1909242, -0.3661422, -0.9107627, -0.1699598, 0.9014861, -0.3980413], "cam_t_m2c": [-17.54476992771111, 16.364864410915374, 695.2143297336144], "obj_id": 2}, {"cam_R_m2c": [-0.03059036, 0.9995311, -0.001254305, 0.6976188, 0.02045194, -0.7161772, -0.715816, -0.02278276, -0.6979173], "cam_t_m2c": [86.05132286016789, -171.184653899149, 944.7198280773631], "obj_id": 8}, {"cam_R_m2c": [-0.9895899, 0.08305088, 0.1175328, -0.03900576, 0.6313359, -0.7745279, -0.1385281, -0.7710502, -0.6215238], "cam_t_m2c": [236.8765270188462, 13.381540230654753, 745.2495395792401], "obj_id": 15}],
  "4": [{"cam_R_m2c": [0.9745721, 0.1997477, 0.1015483, 0.1711756, -0.3711991, -0.9126388, -0.1446029, 0.9068142, -0.395952], "cam_t_m2c": [-14.411334018301584, 17.67889123721466, 693.7925387303541], "obj_id": 2}, {"cam_R_m2c": [0.002294035, 0.9999952, 0.00224109, 0.6984242, 1.806766e-06, -0.715683, -0.7156796, 0.003206735, -0.6984212], "cam_t_m2c": [78.80886953840005, -172.0650185817254, 945.7192345148692], "obj_id": 8}, {"cam_R_m2c": [-0.9862465, 0.1159534, 0.1177848, -0.0186817, 0.6298546, -0.7764874, -0.1642231, -0.7680088, -0.6190258], "cam_t_m2c": [238.50946942387068, 9.466468368379019, 750.4161794337983], "obj_id": 15}],
  "5": [{"cam_R_m2c": [0.9823983, 0.1631229, 0.09101824, 0.1473956, -0.3776088, -0.9141597, -0.1147508, 0.9114839, -0.3950062], "cam_t_m2c": [-10.71094254060566, 19.262194968719868, 692.1338646653741], "obj_id": 2}, {"cam_R_m2c": [0.04103008, 0.9991408, 0.005747318, 0.6994238, -0.02461378, -0.7142839, -0.7135283, 0.03332689, -0.6998336], "cam_t_m2c": [70.17968669335347, -173.1646844197836, 946.2767168470801], "obj_id": 8}, {"cam_R_m2c": [-0.9810024, 0.1544993, 0.1173153, 0.005886428, 0.6281706, -0.7780539, -0.1939026, -0.7625824, -0.6171469], "cam_t_m2c": [240.10812136821977, 4.7275621093918705, 756.3294594905643], "obj_id": 15}],
  "6": [{"cam_R_m2c": [0.9876999, 0.1330931, 0.0820744, 0.1276395, -0.3830605, -0.9148624, -0.09032211, 0.9140853, -0.3953367], "cam_t_m2c": [-7.735953100024606, 20.576251419275472, 690.9406182883624], "obj_id": 2}, {"cam_R_m2c": [0.07264928, 0.9973226, 0.008355491, 0.7001709, -0.04503348, -0.7125534, -0.7102696, 0.05761699, -0.7015685], "cam_t_m2c": [62.99514146396116, -174.0732245271277, 946.4178547869345], "obj_id": 8}, {"cam_R_m2c": [-0.9756478, 0.1858143, 0.1165514, 0.02633008, 0.6267412, -0.7787822, -0.2177565, -0.7567491, -0.6163715], "cam_t_m2c": [241.09214633085517, 0.7819635440594475, 761.192585481085], "obj_id": 15}],
  "7": [{"cam_R_m2c": [0.9926124, 0.09781669, 0.07178709, 0.1044151, -0.387317, -0.9160154, -0.06179704, 0.9167427, -0.3946689], "cam_t_m2c": [-4.176010845578041, 21.84374162347851, 689.5345262165697], "obj_id": 2}, {"cam_R_m2c": [0.1094191, 0.9939275, 0.01164863, 0.6992108, -0.06863467, -0.7116136, -0.7064922, 0.08600886, -0.7024747], "cam_t_m2c": [54.609826755288005, -174.76231871936545, 946.5368302775356], "obj_id": 8}, {"cam_R_m2c": [-0.9681244, 0.2221073, 0.1157719, 0.04963912, 0.6231931, -0.7804913, -0.2455006, -0.7498658, -0.6143535], "cam_t_m2c": [242.00418468760222, -3.911280392095642, 766.8300243264217], "obj_id": 15}],
  "8": [{"cam_R_m2c": [0.9981564, 0.02939862, 0.05311076, 0.06039855, -0.3932606, -0.9174416, -0.006085067, 0.9189574, -0.3943112], "cam_t_m2c": [3.171135756318815, 24.200009172834683, 687.143679686192], "obj_id": 2}, {"cam_R_m2c": [0.1793846, 0.9835898, 0.01929894, 0.6951949, -0.1128588, -0.7099064, -0.6960785, 0.1407626, -0.7040323], "cam_t_m2c": [38.80763252797836, -175.3771606060486, 946.1011465865669], "obj_id": 8}, {"cam_R_m2c": [-0.9498088, 0.2908444, 0.1152075, 0.09308243, 0.6143456, -0.7835274, -0.2986614, -0.7334778, -0.6105837], "cam_t_m2c": [243.2855914776024, -12.621256436317081, 777.8732463139035], "obj_id": 15}],
  "9": [{"cam_R_m2c": [0.9990233, -0.001844798, 0.04414363, 0.03980818, -0.3958491, -0.9174527, 0.01916703, 0.9183143, -0.3953886], "cam_t_m2c": [6.492691114940017, 25.20131665320141, 686.2250622108614], "obj_id": 2}, {"cam_R_m2c": [0.2111148, 0.9772035, 0.02241688, 0.6929101, -0.1334416, -0.7085682, -0.6894248, 0.1651224, -0.7052861], "cam_t_m2c": [31.485075185101778, -175.65038522508695, 945.4431146119728], "obj_id": 8}, {"cam_R_m2c": [-0.9398711, 0.3217945, 0.1144075, 0.1133278, 0.6098631, -0.7843619, -0.3221765, -0.7242349, -0.609661], "cam_t_m2c": [243.43810760102787, -16.769403437507243, 782.8577496692236], "obj_id": 15}],
  "10": [{"cam_R_m2c": [0.9986473, -0.03917982, 0.03419382, 0.0158248, -0.39738, -0.9175185, 0.04953637, 0.9168171, -0.3962222], "cam_t_m2c": [10.563840372028922, 26.305538659676742, 685.104316628821], "obj_id": 2}, {"cam_R_m2c": [0.2484425, 0.9682733, 0.02688206, 0.6889202, -0.1571207, -0.7076035, -0.6809292, 0.1943183, -0.7060986], "cam_t_m2c": [22.86927375747162, -175.56397939993593, 944.4442677494758], "obj_id": 8}, {"cam_R_m2c": [-0.9266815, 0.3581122, 0.1140901, 0.1364071, 0.6033093, -0.7857555, -0.3502199, -0.7125821, -0.6079244], "cam_t_m2c": [243.39604377943363, -21.508066850029948, 788.7652946982867], "obj_id": 15}],
  "11": [{"cam_R_m2c": [0.9972509, -0.06977054, 0.02495832, -0.004869968, -0.3977993, -0.91746, 0.07394017, 0.9148158, -0.3970453], "cam_t_m2c": [13.798623231123697, 27.083811282864193, 684.213867432435], "obj_id": 2}, {"cam_R_m2c": [0.2791652, 0.9597877, 0.0295545, 0.684618, -0.1773587, -0.7069951, -0.6733235, 0.217602, -0.7066008], "cam_t_m2c": [15.595291718637085, -175.36802349402163, 943.3855226061584], "obj_id": 8}, {"cam_R_m2c": [-0.9148312, 0.3877887, 0.1127065, 0.156014, 0.5968062, -0.7870717, -0.3724812, -0.7024544, -0.6064777], "cam_t_m2c": [242.99125098816913, -25.67564456506348, 793.4370317992782], "obj_id": 15}],
  "12": [{"cam_R_m2c": [0.9941862, -0.1066088, 0.01515469, -0.0286241, -0.3973203, -0.9172344, 0.1038066, 0.9114667, -0.3980612], "cam_t_m2c": [17.96160021702145, 27.94761049283428, 683.702486437466], "obj_id": 2}, {"cam_R_m2c": [0.3153846, 0.948354, 0.03402517, 0.678752, -0.2003779, -0.7065021, -0.6631957, 0.2459143, -0.7068929], "cam_t_m2c": [7.182165943601914, -174.8545659713791, 942.3818240734955], "obj_id": 8}, {"cam_R_m2c": [-0.8992838, 0.4227257, 0.1122143, 0.1781911, 0.5884298, -0.788669, -0.3994204, -0.6892415, -0.6044908], "cam_t_m2c": [242.45784166520042, -30.386402359539986, 799.638622678321], "obj_id": 15}],
  "13": [{"cam_R_m2c": [0.9904897, -0.1374335, 0.006493211, -0.04900291, -0.3964732, -0.9167387, 0.1285652, 0.9077014, -0.3994367], "cam_t_m2c": [21.500426376229985, 28.620890453287757, 683.2447504911968], "obj_id": 2}, {"cam_R_m2c": [0.3455985, 0.9376379, 0.03736179, 0.6732168, -0.2200076, -0.7059584, -0.6537133, 0.2691308, -0.7072679], "cam_t_m2c": [0.13503409590782312, -174.31837674537047, 941.157889852099], "obj_id": 8}, {"cam_R_m2c": [-0.885201, 0.4517024, 0.1112792, 0.1970636, 0.5807699, -0.7898567, -0.4214076, -0.6772531, -0.603112], "cam_t_m2c": [241.7937323239849, -34.44656846773224, 804.6362202056862], "obj_id": 15}],
  "14": [{"cam_R_m2c": [0.985579, -0.1691992, -0.00217931, -0.06976588, -0.3945808, -0.9162096, 0.154163, 0.9031489, -0.4006945], "cam_t_m2c": [25.16175069308651, 29.234754746923908, 682.8390094938629], "obj_id": 2}, {"cam_R_m2c": [0.376397, 0.9255474, 0.0410572, 0.6666342, -0.2397963, -0.7057598, -0.6433689, 0.2930169, -0.7072605], "cam_t_m2c": [-7.115919638612368, -173.51536500663835, 939.7640534814896], "obj_id": 8}, {"cam_R_m2c": [-0.869657, 0.4811326, 0.1104816, 0.2159426, 0.5720255, -0.7913001, -0.4439193, -0.6643025, -0.6013631], "cam_t_m2c": [240.86580418176993, -38.547118749654004, 809.8033006878637], "obj_id": 15}],
  "15": [{"cam_R_m2c": [0.9784881, -0.2059294, -0.01243611, -0.09409142, -0.3918092, -0.915223, 0.1835991, 0.8967049, -0.4027568], "cam_t_m2c": [29.407558090991287, 29.8879514562627, 682.3480360400434], "obj_id": 2}, {"cam_R_m2c": [0.4117715, 0.9101681, 0.04514458, 0.6582892, -0.2628312, -0.7053899, -0.6301582, 0.3201779, -0.7073808], "cam_t_m2c": [-15.537823260689086, -172.434202190641, 937.7020026504174], "obj_id": 8}, {"cam_R_m2c": [-0.8503509, 0.5147526, 0.1092375, 0.2378663, 0.561183, -0.7927755, -0.4693856, -0.648154, -0.599645], "cam_t_m2c": [239.46785146808756, -43.355141083584016, 815.5873943574052], "obj_id": 15}],
  "16": [{"cam_R_m2c": [0.9714634, -0.2362616, -0.0209525, -0.1143578, -0.3891568, -0.9140457, 0.2078001, 0.8903583, -0.4050696], "cam_t_m2c": [32.93256932115784, 30.322508254196926, 682.1522301598146], "obj_id": 2}, {"cam_R_m2c": [0.4407373, 0.8963244, 0.0484996, 0.6508992, -0.2819171, -0.7048774, -0.6181266, 0.3422342, -0.7076688], "cam_t_m2c": [-22.50339709235535, -171.5044361374672, 935.8303207430283], "obj_id": 8}, {"cam_R_m2c": [-0.8333072, 0.5421405, 0.108082, 0.2560087, 0.5517461, -0.7937474, -0.4899564, -0.6337664, -0.598567], "cam_t_m2c": [238.05481071047672, -47.43062759114093, 820.4338903344445], "obj_id": 15}],
  "17": [{"cam_R_m2c": [0.9620416, -0.2712042, -0.03042961, -0.1373705, -0.3848882, -0.9126838, 0.2358123, 0.8822187, -0.4075331], "cam_t_m2c": [37.04303605147808, 30.751924139025686, 681.9856359643167], "obj_id": 2}, {"cam_R_m2c": [0.4736881, 0.8791149, 0.05270064, 0.6413581, -0.3033322, -0.7047338, -0.6035556, 0.3676243, -0.7075121], "cam_t_m2c": [-30.47957447135788, -170.11180787915345, 933.4899575895172], "obj_id": 8}, {"cam_R_m2c": [-0.8124284, 0.5731636, 0.1069782, 0.2761832, 0.5398842, -0.7951404, -0.5135013, -0.6164487, -0.5969148], "cam_t_m2c": [236.16524770818708, -51.990318038404844, 826.0228589654714], "obj_id": 15}],
  "18": [{"cam_R_m2c": [0.953084, -0.3002436, -0.03853361, -0.1567091, -0.3804799, -0.9114154, 0.2589858, 0.8746935, -0.4096801], "cam_t_m2c": [40.531524846732594, 31.014656970471385, 681.9374853656731], "obj_id": 2}, {"cam_R_m2c": [0.500899, 0.8636917, 0.05600179, 0.6325511, -0.3211495, -0.7047992, -0.5907441, 0.3884574, -0.7071931], "cam_t_m2c": [-37.079437905161825, -168.76858227297592, 931.3829183115029], "obj_id": 8}, {"cam_R_m2c": [-0.7940123, 0.5986305, 0.1057603, 0.2928562, 0.529139, -0.7963962, -0.5327091, -0.6013759, -0.5954558], "cam_t_m2c": [234.3978344076067, -55.83266973180046, 830.6517733716105], "obj_id": 15}],
  "19": [{"cam_R_m2c": [0.9412259, -0.3342892, -0.04841343, -0.1797335, -0.3743064, -0.9097201, 0.2859896, 0.8649541, -0.4123902], "cam_t_m2c": [44.58793956941131, 31.240552164374346, 682.0894371007416], "obj_id": 2}, {"cam_R_m2c": [0.5326291, 0.8442506, 0.05954603, 0.6211601, -0.3421565, -0.7050447, -0.5748607, 0.4125163, -0.7066587], "cam_t_m2c": [-44.91167587312309, -166.94723104349518, 928.8104255680435], "obj_id": 8}, {"cam_R_m2c": [-0.7711389, 0.6281357, 0.1038699, 0.3123899, 0.5154588, -0.7979434, -0.5547587, -0.5828778, -0.5937145], "cam_t_m2c": [231.96695828762952, -60.395206071105385, 836.1498211832766], "obj_id": 15}],
  "20": [{"cam_R_m2c": [0.9301652, -0.3628098, -0.05623834, -0.1987306, -0.3687463, -0.9080384, 0.3087074, 0.855801, -0.4150961], "cam_t_m2c": [48.1617401093589, 31.38208594605751, 682.3141849448532], "obj_id": 2}, {"cam_R_m2c": [0.5587965, 0.8269119, 0.06295682, 0.6112381, -0.3593662, -0.7051555, -0.5604765, 0.4325196, -0.7062528], "cam_t_m2c": [-51.28450697272615, -165.3177818444389, 926.4031653312378], "obj_id": 8}, {"cam_R_m2c": [-0.7509255, 0.6523618, 0.1026419, 0.3283437, 0.5036751, -0.7990632, -0.5729759, -0.566335, -0.5924214], "cam_t_m2c": [229.84409481109864, -64.15255913256894, 840.7668924660753], "obj_id": 15}],
  "21": [{"cam_R_m2c": [0.9160256, -0.3957772, -0.06524508, -0.2207648, -0.3616341, -0.9058069, 0.3349031, 0.8441459, -0.4186394], "cam_t_m2c": [52.2717375873671, 31.4224506245411, 682.5779376071371], "obj_id": 2}, {"cam_R_m2c": [0.588725, 0.8055543, 0.06696109, 0.5990285, -0.3791647, -0.7052663, -0.5427412, 0.4553196, -0.7057741], "cam_t_m2c": [-58.6985412257055, -163.3177652035736, 923.2475532744148], "obj_id": 8}, {"cam_R_m2c": [-0.7262873, 0.6799057, 0.1011626, 0.3466183, 0.4893333, -0.8002563, -0.5936008, -0.5461515, -0.5910643], "cam_t_m2c": [227.04878478908978, -68.561822276684, 845.9753957693642], "obj_id": 15}],
  "22": [{"cam_R_m2c": [0.9026744, -0.4241098, -0.07287322, -0.2397077, -0.3549242, -0.9036427, 0.3573787, 0.8331631, -0.422043], "cam_t_m2c": [55.89329015057122, 31.43903840574971, 682.9660497834273], "obj_id": 2}, {"cam_R_m2c": [0.614136, 0.7860423, 0.07053013, 0.5879043, -0.3960402, -0.7053517, -0.5265037, 0.4746462, -0.7053404], "cam_t_m2c": [-64.99789608403007, -161.40709721124955, 920.359599718541], "obj_id": 8}, {"cam_R_m2c": [-0.7039867, 0.7031502, 0.09991423, 0.3621226, 0.4763998, -0.8011931, -0.6109574, -0.5278488, -0.5900056], "cam_t_m2c": [224.4528564235661, -72.3054635026081, 850.4989488610157], "obj_id": 15}],
  "23": [{"cam_R_m2c": [0.8857251, -0.4570033, -0.08147875, -0.2614516, -0.3460779, -0.9010404, 0.3835807, 0.8193775, -0.4260139], "cam_t_m2c": [60.12808538610535, 31.41033514595795, 683.5826509795274], "obj_id": 2}, {"cam_R_m2c": [0.6432226, 0.7620031, 0.07493468, 0.5740546, -0.4151674, -0.7057599, -0.5066817, 0.4969777, -0.7044771], "cam_t_m2c": [-72.29203094185593, -158.88839839175645, 916.8449978829896], "obj_id": 8}, {"cam_R_m2c": [-0.6767378, 0.7295907, 0.09860341, 0.3795295, 0.4604852, -0.8024402, -0.6308584, -0.5056199, -0.5885293], "cam_t_m2c": [221.12886097626696, -76.52910397787952, 855.8336942149467], "obj_id": 15}],
  "24": [{"cam_R_m2c": [0.8701122, -0.4846669, -0.08945739, -0.2804742, -0.3376892, -0.8984998, 0.4052645, 0.806885, -0.4297631], "cam_t_m2c": [63.78812392147763, 31.194483623276902, 684.1323775930746], "obj_id": 2}, {"cam_R_m2c": [0.6676408, 0.7403883, 0.0779758, 0.5612551, -0.4317425, -0.7061104, -0.4891298, 0.5151922, -0.7037951], "cam_t_m2c": [-78.41917446995467, -156.64762602043837, 913.593273923548], "obj_id": 8}, {"cam_R_m2c": [-0.6525303, 0.7515684, 0.0966881, 0.3945329, 0.4459049, -0.8034384, -0.646952, -0.486121, -0.5874842], "cam_t_m2c": [218.10204707957857, -80.34385754279765, 860.1691337949813], "obj_id": 15}],
  "25": [{"cam_R_m2c": [0.8529333, -0.5129261, -0.09701267, -0.2995231, -0.3286628, -0.895694, 0.4275409, 0.793025, -0.4339593], "cam_t_m2c": [67.46595631620309, 30.940450601418497, 684.8694313256292], "obj_id": 2}, {"cam_R_m2c": [0.6920971, 0.7171699, 0.0816596, 0.5477771, -0.4481876, -0.7064477, -0.4700449, 0.5336623, -0.703038], "cam_t_m2c": [-84.71687020904922, -154.221042546212, 910.0708270009209], "obj_id": 8}, {"cam_R_m2c": [-0.6266555, 0.773457, 0.09521849, 0.4093401, 0.4306687, -0.8043414, -0.6631315, -0.4650691, -0.5864871], "cam_t_m2c": [214.66413396252528, -84.13331560737895, 864.6841534153551], "obj_id": 15}],
  "26": [{"cam_R_m2c": [0.8323054, -0.5441363, -0.1057478, -0.3209599, -0.317532, -0.8922774, 0.4519424, 0.7765883, -0.4389295], "cam_t_m2c": [71.59482922131004, 30.508035611845592, 685.6653041993571], "obj_id": 2}, {"cam_R_m2c": [0.7188728, 0.6898753, 0.08539659, 0.5316347, -0.4664709, -0.7069436, -0.4478683, 0.5536024, -0.7020956], "cam_t_m2c": [-91.67401962517525, -151.3065802140602, 905.77131724823], "obj_id": 8}, {"cam_R_m2c": [-0.5965148, 0.7971834, 0.09309977, 0.425669, 0.412573, -0.8053502, -0.6804222, -0.4407743, -0.5854425], "cam_t_m2c": [210.5379297766462, -88.43942072817192, 869.4826575228009], "obj_id": 15}],
  "27": [{"cam_R_m2c": [0.8135436, -0.5704198, -0.1129918, -0.3382936, -0.3062195, -0.8898249, 0.4729741, 0.7621359, -0.4420915], "cam_t_m2c": [75.18392992347259, 30.00097250415687, 686.6604246000578], "obj_id": 2}, {"cam_R_m2c": [0.7410688, 0.6655465, 0.08867496, 0.5165928, -0.4808171, -0.7084822, -0.4288919, 0.5708435, -0.7001352], "cam_t_m2c": [-97.44199680438217, -148.39889280799332, 902.3770816527214], "obj_id": 8}, {"cam_R_m2c": [-0.5698264, 0.816674, 0.09132472, 0.4380942, 0.395924, -0.8070426, -0.6952488, -0.419866, -0.5833878], "cam_t_m2c": [206.84698794162688, -91.83950296767769, 873.9097407224701], "obj_id": 15}],
  "28": [{"cam_R_m2c": [0.7943037, -0.5956694, -0.1194145, -0.3557539, -0.2967222, -0.8862255, 0.4924648, 0.7464142, -0.4475984], "cam_t_m2c": [78.79383915491009, 29.605973890357017, 687.4817769068115], "obj_id": 2}, {"cam_R_m2c": [0.761928, 0.641044, 0.09234661, 0.5027643, -0.4955398, -0.7082852, -0.4082809, 0.5860913, -0.6998595], "cam_t_m2c": [-102.80340984930518, -145.8632419441757, 898.1779251974426], "obj_id": 8}, {"cam_R_m2c": [-0.5430537, 0.8348553, 0.09005059, 0.4512331, 0.3805823, -0.8071834, -0.7081531, -0.3977107, -0.5833906], "cam_t_m2c": [203.18085616370288, -95.3356709072687, 877.6396361596613], "obj_id": 15}],
  "29": [{"cam_R_m2c": [0.7706443, -0.6244361, -0.1272239, -0.374939, -0.2828562, -0.8828444, 0.5152946, 0.7280604, -0.4521067], "cam_t_m2c": [82.78287193679446, 28.940003908415605, 688.733558061837], "obj_id": 2}, {"cam_R_m2c": [0.7854751, 0.6113845, 0.09610577, 0.4846588, -0.5110789, -0.7098622, -0.3848815, 0.6041583, -0.6977533], "cam_t_m2c": [-109.11428557052238, -142.26743798024827, 893.7296719161316], "obj_id": 8}, {"cam_R_m2c": [-0.5109066, 0.8551195, 0.08799964, 0.4645174, 0.3607621, -0.8087485, -0.723324, -0.3723181, -0.5815339], "cam_t_m2c": [198.46293425744776, -99.05531804372673, 882.3256822289925], "obj_id": 15}],
  "30": [{"cam_R_m2c": [0.7466676, -0.6515876, -0.1338689, -0.3932285, -0.2700398, -0.8788924, 0.5365255, 0.7088811, -0.4578524], "cam_t_m2c": [86.768379641045, 28.31385662633953, 690.1437975009627], "obj_id": 2}, {"cam_R_m2c": [0.8070723, 0.58186, 0.1003606, 0.4675059, -0.5259012, -0.7105401, -0.3606551, 0.6203764, -0.6964635], "cam_t_m2c": [-114.82627894276887, -138.89806873826828, 889.0399733740502], "obj_id": 8}, {"cam_R_m2c": [-0.4790297, 0.8735115, 0.08664731, 0.4773049, 0.3420433, -0.8094363, -0.7366887, -0.3463869, -0.5807801], "cam_t_m2c": [193.84840328148488, -102.62703578162441, 886.6914102169092], "obj_id": 15}],
  "31": [{"cam_R_m2c": [0.7250296, -0.6744049, -0.1396787, -0.4082851, -0.2575493, -0.8757696, 0.5546498, 0.6919879, -0.4620796], "cam_t_m2c": [90.08887290101738, 27.678809079961585, 691.4982591388729], "obj_id": 2}, {"cam_R_m2c": [0.8249664, 0.5555758, 0.1037553, 0.4516703, -0.5377235, -0.7119321, -0.3397411, 0.634184, -0.6945412], "cam_t_m2c": [-119.70672988885116, -135.63878303954314, 885.0781055506225], "obj_id": 8}, {"cam_R_m2c": [-0.4508369, 0.888532, 0.08518679, 0.4871769, 0.3249077, -0.8106129, -0.7479339, -0.3239537, -0.5793524], "cam_t_m2c": [189.58656045477954, -105.48486634461422, 890.5216323957803], "obj_id": 15}],
  "32": [{"cam_R_m2c": [0.7037503, -0.6953931, -0.1454773, -0.4230573, -0.2456845, -0.8721598, 0.570753, 0.6753281, -0.467091], "cam_t_m2c": [93.2404595800928, 26.914885608770554, 692.6175639788868], "obj_id": 2}, {"cam_R_m2c": [0.8412772, 0.5300127, 0.1064819, 0.4362947, -0.5493467, -0.7126467, -0.3192168, 0.6459915, -0.6933947], "cam_t_m2c": [-124.16651666355285, -132.66058076805726, 880.8457565069992], "obj_id": 8}, {"cam_R_m2c": [-0.4236016, 0.9020096, 0.08330624, 0.4969845, 0.3083081, -0.8111426, -0.7573428, -0.3021998, -0.5788844], "cam_t_m2c": [185.43279922566708, -108.4646197525854, 893.6539279094902], "obj_id": 15}],
  "33": [{"cam_R_m2c": [0.6774178, -0.7197388, -0.1519223, -0.4401962, -0.2311727, -0.8676335, 0.5893492, 0.6546255, -0.4734263], "cam_t_m2c": [96.97284249339675, 25.98409381200485, 694.2439301361132], "obj_id": 2}, {"cam_R_m2c": [0.8597259, 0.4987822, 0.109938, 0.4176586, -0.5626469, -0.7134354, -0.2939926, 0.6592754, -0.6920429], "cam_t_m2c": [-129.27589713299713, -128.98467125134508, 875.781887567846], "obj_id": 8}, {"cam_R_m2c": [-0.3904635, 0.9170229, 0.0812787, 0.5081046, 0.2882845, -0.8116168, -0.7677023, -0.2756087, -0.578508], "cam_t_m2c": [180.3035218395708, -111.88434035519296, 897.4453802083651], "obj_id": 15}],
  "34": [{"cam_R_m2c": [0.6545951, -0.7393192, -0.1578371, -0.4543127, -0.2178377, -0.8637985, 0.6042398, 0.637145, -0.4784767], "cam_t_m2c": [99.81103114993839, 25.001017947250176, 695.6027521151169], "obj_id": 2}, {"cam_R_m2c": [0.8744518, 0.4719895, 0.1120693, 0.4010164, -0.5733109, -0.7144933, -0.2729826, 0.6697313, -0.690608], "cam_t_m2c": [-133.64553686055146, -125.72570760478514, 871.4986503533698], "obj_id": 8}, {"cam_R_m2c": [-0.3622517, 0.9287413, 0.07882436, 0.5167931, 0.2705106, -0.8122492, -0.7756917, -0.2535027, -0.5779595], "cam_t_m2c": [175.61725715942868, -114.77122722900792, 900.4434196988966], "obj_id": 15}],
  "35": [{"cam_R_m2c": [0.6275228, -0.7614264, -0.1626187, -0.4692192, -0.2031614, -0.8593946, 0.6213284, 0.6155935, -0.4847635], "cam_t_m2c": [103.43708798064232, 23.960552912360377, 697.3981295136447], "obj_id": 2}, {"cam_R_m2c": [0.8901134, 0.4406588, 0.1162645, 0.3827772, -0.5844156, -0.7154993, -0.2473446, 0.6813794, -0.6888702], "cam_t_m2c": [-138.02893489749223, -122.06840548396224, 866.3052270653503], "obj_id": 8}, {"cam_R_m2c": [-0.3292066, 0.941048, 0.07779168, 0.5257598, 0.2511104, -0.8127233, -0.7843462, -0.2266544, -0.5774319], "cam_t_m2c": [170.45919141648275, -117.7557706583065, 903.9582629457439], "obj_id": 15}],
  "36": [{"cam_R_m2c": [0.6041829, -0.7790383, -0.1675156, -0.481764, -0.1896688, -0.8555295, 0.6347171, 0.5975993, -0.4899076], "cam_t_m2c": [106.17330719640904, 23.007430562515637, 698.9509223874777], "obj_id": 2}, {"cam_R_m2c": [0.9025757, 0.4138631, 0.1186295, 0.3663353, -0.5935137, -0.7166175, -0.2261735, 0.6902591, -0.6873047], "cam_t_m2c": [-141.80248600777892, -118.6925409453659, 862.0121046939101], "obj_id": 8}, {"cam_R_m2c": [-0.301194, 0.9505455, 0.07579212, 0.5329161, 0.2337073, -0.8132538, -0.7907472, -0.2045567, -0.5769529], "cam_t_m2c": [165.76580721937273, -120.22355188478984, 906.7395044663887], "obj_id": 15}],
  "37": [{"cam_R_m2c": [0.5744975, -0.7999926, -0.1731009, -0.4967102, -0.1726571, -0.85057, 0.6505626, 0.5746316, -0.496555], "cam_t_m2c": [109.53746705162524, 21.694162654951093, 700.7590953006664], "obj_id": 2}, {"cam_R_m2c": [0.9168863, 0.3801399, 0.1217044, 0.3457707, -0.6041279, -0.7179638, -0.1994023, 0.7003731, -0.685358], "cam_t_m2c": [-146.20572222851638, -114.52139635668715, 856.3248010073387], "obj_id": 8}, {"cam_R_m2c": [-0.2660672, 0.9611472, 0.07350896, 0.5411182, 0.2120317, -0.8137771, -0.7977458, -0.1767429, -0.5765089], "cam_t_m2c": [159.83911432801634, -123.23933423483086, 909.820303310767], "obj_id": 15}],
  "38": [{"cam_R_m2c": [0.5480193, -0.8174205, -0.1774774, -0.5088448, -0.1573843, -0.8463502, 0.6638917, 0.5541242, -0.5021894], "cam_t_m2c": [112.53864991390172, 20.54301402124481, 702.6252950998148], "obj_id": 2}, {"cam_R_m2c": [0.9282905, 0.3503768, 0.1245464, 0.3276796, -0.61243, -0.7194137, -0.1757897, 0.7086362, -0.6833244], "cam_t_m2c": [-149.68161183587952, -110.73983263848496, 851.5052579784135], "obj_id": 8}, {"cam_R_m2c": [-0.2351745, 0.9693016, 0.07174201, 0.5472787, 0.1930581, -0.81438, -0.8032299, -0.1522583, -0.5758803], "cam_t_m2c": [154.6921898223838, -125.61740027694034, 912.631969868326], "obj_id": 15}],
  "39": [{"cam_R_m2c": [0.5176903, -0.8357991, -0.18286, -0.5223385, -0.1394811, -0.8412545, 0.6776134, 0.5310238, -0.5087776], "cam_t_m2c": [115.68726356080151, 19.13152183807926, 704.640836672514], "obj_id": 2}, {"cam_R_m2c": [0.9400463, 0.316569, 0.1268764, 0.3065846, -0.6214352, -0.7209889, -0.1493975, 0.7166605, -0.681233], "cam_t_m2c": [-153.47977044496915, -106.34072516658858, 845.9412489010581], "obj_id": 8}, {"cam_R_m2c": [-0.2003191, 0.9773009, 0.06896587, 0.5538101, 0.1710206, -0.8148906, -0.8081869, -0.1250444, -0.5754976], "cam_t_m2c": [148.6699223016525, -128.29233598740902, 915.4034810979163], "obj_id": 15}],
  "40": [{"cam_R_m2c": [0.4924864, -0.8501911, -0.1860985, -0.5319465, -0.124811, -0.8375296, 0.688833, 0.511466, -0.5137236], "cam_t_m2c": [118.30548831848947, 17.945735340816306, 706.6195632693775], "obj_id": 2}, {"cam_R_m2c": [0.9485791, 0.2887765, 0.1296372, 0.289785, -0.6274478, -0.7227266, -0.1273658, 0.72313, -0.6788672], "cam_t_m2c": [-156.2525154086815, -102.77069341896058, 841.5465383308442], "obj_id": 8}, {"cam_R_m2c": [-0.1716747, 0.9828297, 0.06763114, 0.5578072, 0.1535603, -0.8156407, -0.812021, -0.1022996, -0.5745919], "cam_t_m2c": [143.77263337477925, -130.17502317496871, 917.9348979411029], "obj_id": 15}],
  "41": [{"cam_R_m2c": [0.4634153, -0.8655832, -0.1897696, -0.5424792, -0.1077786, -0.8331267, 0.7006874, 0.4890294, -0.5195068], "cam_t_m2c": [121.02028006471501, 16.54001555893288, 708.4911567538821], "obj_id": 2}, {"cam_R_m2c": [0.9573015, 0.2569709, 0.1324376, 0.2703927, -0.6338146, -0.7246835, -0.1022815, 0.7295507, -0.6762349], "cam_t_m2c": [-159.3669535490715, -98.63478556665268, 836.0752138058197], "obj_id": 8}, {"cam_R_m2c": [-0.1390458, 0.9880942, 0.06585216, 0.5618612, 0.1334748, -0.8163917, -0.8154612, -0.0765159, -0.5737308], "cam_t_m2c": [137.9462549745751, -132.24153825167082, 920.1987209789878], "obj_id": 15}],
  "42": [{"cam_R_m2c": [0.4383495, -0.8777826, -0.1932569, -0.5523316, -0.09344657, -0.8283708, 0.7090698, 0.469857, -0.5257887], "cam_t_m2c": [123.40014019819357, 15.288941508541637, 710.3356102526101], "obj_id": 2}, {"cam_R_m2c": [0.963963, 0.2297323, 0.1341592, 0.2534801, -0.6400305, -0.7253334, -0.08076623, 0.7332007, -0.675198], "cam_t_m2c": [-161.69948780219497, -95.1573601377861, 831.4955841918745], "obj_id": 8}, {"cam_R_m2c": [-0.11127, 0.9917443, 0.06373981, 0.5661842, 0.1159731, -0.8160791, -0.8167331, -0.05471634, -0.5744138], "cam_t_m2c": [133.07061566812598, -134.27177763727457, 921.9498076102958], "obj_id": 15}],
  "43": [{"cam_R_m2c": [0.4073728, -0.8917596, -0.1970067, -0.5632936, -0.07555155, -0.8227967, 0.7188521, 0.4461575, -0.5330994], "cam_t_m2c": [126.10706884859049, 13.656178767140961, 712.3249715824076], "obj_id": 2}, {"cam_R_m2c": [0.9709994, 0.1963494, 0.1364038, 0.2327936, -0.6465231, -0.7265096, -0.05446178, 0.7371938, -0.6734823], "cam_t_m2c": [-164.42065860798948, -90.88687907977219, 825.5689937730117], "obj_id": 8}, {"cam_R_m2c": [-0.07732704, 0.9951133, 0.06139571, 0.5703283, 0.09465936, -0.815945, -0.8177686, -0.02807912, -0.5748606], "cam_t_m2c": [126.93267915954993, -136.56392189600194, 923.6914260396159], "obj_id": 15}],
  "44": [{"cam_R_m2c": [0.3793297, -0.9033784, -0.2000414, -0.5710642, -0.05847405, -0.8188198, 0.7280066, 0.4248396, -0.5380689], "cam_t_m2c": [128.43101866301748, 12.183420820083619, 714.6505337648744], "obj_id": 2}, {"cam_R_m2c": [0.9763029, 0.1663735, 0.1383905, 0.2141334, -0.650233, -0.7289326, -0.03128926, 0.7412927, -0.6704521], "cam_t_m2c": [-166.65253180427095, -86.7783283469513, 820.9149012720196], "obj_id": 8}, {"cam_R_m2c": [-0.0469557, 0.9971315, 0.05936299, 0.5717766, 0.07555991, -0.8169214, -0.8190632, -0.00441705, -0.5736857], "cam_t_m2c": [121.36170260611698, -138.04307249449838, 925.8956276805733], "obj_id": 15}],
  "45": [{"cam_R_m2c": [0.3161848, -0.9262111, -0.2053289, -0.5875469, -0.02124941, -0.8089113, 0.744859, 0.3764061, -0.5509105], "cam_t_m2c": [133.3751121331913, 8.7896933958102, 719.3019699563324], "obj_id": 2}, {"cam_R_m2c": [0.9846756, 0.09970663, 0.1430789, 0.1731225, -0.6577515, -0.7330697, 0.02101778, 0.7466058, -0.6649333], "cam_t_m2c": [-170.78171811044825, -77.893483143779, 809.4940634143236], "obj_id": 8}, {"cam_R_m2c": [0.02027496, 0.9982556, 0.05544766, 0.5744827, 0.03375797, -0.8178198, -0.8182645, 0.04843444, -0.5727958], "cam_t_m2c": [108.8946043028891, -141.32935680970004, 929.3196930473871], "obj_id": 15}],
  "46": [{"cam_R_m2c": [0.285631, -0.9357908, -0.2066646, -0.5944833, -0.003872827, -0.8041, 0.751669, 0.3525344, -0.557418], "cam_t_m2c": [135.6781628403141, 7.17740906796762, 721.731652268729], "obj_id": 2}, {"cam_R_m2c": [0.9869615, 0.06786878, 0.1459454, 0.1540835, -0.6605043, -0.7348427, 0.04652467, 0.7477492, -0.6623501], "cam_t_m2c": [-172.30120562057053, -73.74204420517884, 803.954428558203], "obj_id": 8}, {"cam_R_m2c": [0.05228593, 0.9971509, 0.05436756, 0.5750298, 0.01444806, -0.8180055, -0.8164603, 0.07403333, -0.5726361], "cam_t_m2c": [102.94025144419619, -142.71007838494637, 930.7881653524759], "obj_id": 15}],
  "47": [{"cam_R_m2c": [0.2503001, -0.9453006, -0.2091811, -0.6020672, 0.01722427, -0.7982595, 0.7581984, 0.3257465, -0.5648235], "cam_t_m2c": [138.0984859964857, 5.123452092101132, 724.4276651021344], "obj_id": 2}, {"cam_R_m2c": [0.9885254, 0.03127337, 0.1477804, 0.131157, -0.6630308, -0.7370122, 0.07493338, 0.7479382, -0.6595256], "cam_t_m2c": [-173.8840620460528, -68.77989430755768, 797.6745128281473], "obj_id": 8}, {"cam_R_m2c": [0.08878794, 0.9947032, 0.0517887, 0.5749062, -0.008718135, -0.818172, -0.8133873, 0.1024169, -0.5726359], "cam_t_m2c": [95.96598334286351, -144.28435783044824, 932.1408020708182], "obj_id": 15}],
  "48": [{"cam_R_m2c": [0.2134813, -0.9537385, -0.2116804, -0.6096935, 0.03923622, -0.7916663, 0.7633479, 0.2980661, -0.5731118], "cam_t_m2c": [140.38257328076878, 3.015297695548668, 727.3199560258505], "obj_id": 2}, {"cam_R_m2c": [0.9887748, -0.006552437, 0.1492666, 0.1071242, -0.6653376, -0.7388171, 0.1041536, 0.7465137, -0.6571676], "cam_t_m2c": [-175.2940808626071, -63.52004415680314, 791.2041933276894], "obj_id": 8}, {"cam_R_m2c": [0.1263258, 0.9907849, 0.04885267, 0.5744987, -0.0329231, -0.8178431, -0.808698, 0.1313805, -0.5733639], "cam_t_m2c": [88.6156767140001, -145.81876876893176, 933.2596495929763], "obj_id": 15}],
  "49": [{"cam_R_m2c": [0.1810838, -0.9601539, -0.2128733, -0.6143293, 0.05859305, -0.7868716, 0.7679903, 0.2732636, -0.5792396], "cam_t_m2c": [142.30107363200074, 1.0960721679613101, 729.9884571343939], "obj_id": 2}, {"cam_R_m2c": [0.9877223, -0.03953066, 0.1511395, 0.08681161, -0.6654499, -0.7413772, 0.1298828, 0.7453951, -0.6538476], "cam_t_m2c": [-176.2221829407422, -58.99771285865067, 785.591754592141], "obj_id": 8}, {"cam_R_m2c": [0.1589958, 0.9861612, 0.04698911, 0.5722108, -0.05326151, -0.8183749, -0.8045462, 0.1570059, -0.57276], "cam_t_m2c": [82.17347567060975, -146.75373370092746, 934.3597773157215], "obj_id": 15}],
  "50": [{"cam_R_m2c": [0.1482923, -0.9654868, -0.2141144, -0.6189914, 0.07823671, -0.7814916, 0.7712711, 0.2484245, -0.5860264], "cam_t_m2c": [144.18512614411145, -0.8850824929508967, 732.54224930193], "obj_id": 2}, {"cam_R_m2c": [0.9856154, -0.0726782, 0.1525776, 0.06602571, -0.6654708, -0.7434978, 0.1555717, 0.7428766, -0.6511006], "cam_t_m2c": [-176.8537292026169, -54.39830279835327, 779.7685816552673], "obj_id": 8}, {"cam_R_m2c": [0.1916703, 0.9804373, 0.04478064, 0.56984, -0.07402036, -0.8184149, -0.7990894, 0.1823835, -0.5728805], "cam_t_m2c": [75.71648727471478, -147.72054248925522, 935.0118018435589], "obj_id": 15}],
  "51": [{"cam_R_m2c": [0.1098162, -0.9703593, -0.2152758, -0.624204, 0.1012211, -0.7746772, 0.7735056, 0.2194485, -0.5945851], "cam_t_m2c": [146.19436282091866, -3.2676756333076433, 735.6019392848368], "obj_id": 2}, {"cam_R_m2c": [0.9817817, -0.1112617, 0.1540307, 0.04157552, -0.6652072, -0.7455007, 0.1854071, 0.738323, -0.6484619], "cam_t_m2c": [-177.3320165331421, -49.03281048785721, 772.9679356573647], "obj_id": 8}, {"cam_R_m2c": [0.2295342, 0.9723885, 0.0421285, 0.5668284, -0.09836372, -0.8179427, -0.7912141, 0.211625, -0.5737543], "cam_t_m2c": [68.0872458378498, -148.85327822190035, 935.4686794496794], "obj_id": 15}],
  "52": [{"cam_R_m2c": [0.07720014, -0.9734643, -0.2154231, -0.6269861, 0.1205943, -0.7696398, 0.7751966, 0.1944839, -0.6010391], "cam_t_m2c": [147.81548162016333, -5.212512318873783, 738.428093883419], "obj_id": 2}, {"cam_R_m2c": [0.9773047, -0.1436771, 0.1556644, 0.02157987, -0.6634862, -0.7478768, 0.210734, 0.7342637, -0.6453286], "cam_t_m2c": [-177.42454823583603, -44.470116123174435, 767.3699094740563], "obj_id": 8}, {"cam_R_m2c": [0.2612686, 0.9644185, 0.04043286, 0.5627871, -0.1181645, -0.8181118, -0.7842253, 0.2365024, -0.5736356], "cam_t_m2c": [61.65438137824868, -149.37037683207873, 936.0068389083563], "obj_id": 15}],
  "53": [{"cam_R_m2c": [0.0391439, -0.9754272, -0.2168158, -0.6303779, 0.1442487, -0.7627694, 0.7753021, 0.1665339, -0.6092408], "cam_t_m2c": [149.3921568441435, -7.802161519427299, 741.2101621216456], "obj_id": 2}, {"cam_R_m2c": [0.9710061, -0.1812852, 0.1558257, -0.003088035, -0.6613076, -0.7501088, 0.2390322, 0.7278799, -0.6426936], "cam_t_m2c": [-177.42148090683668, -39.05438690830337, 760.600176513775], "obj_id": 8}, {"cam_R_m2c": [0.2977555, 0.9539298, 0.03686104, 0.5578348, -0.1425258, -0.8176227, -0.7747017, 0.2640143, -0.5745728], "cam_t_m2c": [53.99479089230892, -150.2079955605728, 935.7932284401319], "obj_id": 15}],
  "54": [{"cam_R_m2c": [0.006555278, -0.9765192, -0.2153321, -0.6314415, 0.1629322, -0.7581136, 0.7753966, 0.1409403, -0.6155465], "cam_t_m2c": [150.88947610075218, -9.693720112430384, 744.1551587215804], "obj_id": 2}, {"cam_R_m2c": [0.964131, -0.2131024, 0.1582365, -0.02193555, -0.6580905, -0.7526199, 0.2645179, 0.722153, -0.6391605], "cam_t_m2c": [-176.86287399538347, -34.65127818901062, 754.8985704686974], "obj_id": 8}, {"cam_R_m2c": [0.3287524, 0.9437207, 0.03624015, 0.5524176, -0.161032, -0.8178656, -0.7660007, 0.2888941, -0.5742679], "cam_t_m2c": [47.67346234127159, -150.34116603665467, 936.0077045772166], "obj_id": 15}],
  "55": [{"cam_R_m2c": [-0.03096689, -0.9760596, -0.2152879, -0.6323367, 0.1859394, -0.7520489, 0.7740743, 0.1128458, -0.6229564], "cam_t_m2c": [152.22216310746703, -12.130253233609961, 747.4039952686223], "obj_id": 2}, {"cam_R_m2c": [0.9552453, -0.2495552, 0.1588341, -0.04516847, -0.6536918, -0.7554117, 0.2923454, 0.7144284, -0.6357085], "cam_t_m2c": [-176.20396822933427, -29.299927136102134, 748.5842239331246], "obj_id": 8}, {"cam_R_m2c": [0.3638897, 0.9308397, 0.0334895, 0.5453509, -0.183769, -0.8178148, -0.7550993, 0.3158581, -0.5745062], "cam_t_m2c": [40.165994416059306, -150.51070071220306, 935.9159731349654], "obj_id": 15}],
  "56": [{"cam_R_m2c": [-0.06931441, -0.9742659, -0.2144811, -0.6327094, 0.2091562, -0.7456091, 0.7712811, 0.08402328, -0.6309248], "cam_t_m2c": [153.4508861771855, -14.607574375360873, 750.6129561278511], "obj_id": 2}, {"cam_R_m2c": [0.9446926, -0.2864652, 0.1596669, -0.06860671, -0.6487041, -0.7579419, 0.3207, 0.7050676, -0.6324801], "cam_t_m2c": [-175.18013028346635, -23.880250915550537, 741.92004924813], "obj_id": 8}, {"cam_R_m2c": [0.3993375, 0.9162769, 0.03108347, 0.5377149, -0.2066199, -0.817417, -0.7425575, 0.343139, -0.5752072], "cam_t_m2c": [32.507246079091985, -150.57121059450893, 935.3535195246691], "obj_id": 15}],
  "57": [{"cam_R_m2c": [-0.1006445, -0.971706, -0.2136768, -0.632025, 0.2283087, -0.7405549, 0.7683861, 0.06051609, -0.6371202], "cam_t_m2c": [154.42510355498638, -16.791315555158995, 753.3667996337093], "obj_id": 2}, {"cam_R_m2c": [0.9350263, -0.3163846, 0.1600804, -0.08762705, -0.6436492, -0.7602885, 0.3435793, 0.6968625, -0.629553], "cam_t_m2c": [-174.0140151566208, -19.549072179648594, 736.6333645096794], "obj_id": 8}, {"cam_R_m2c": [0.4279248, 0.903349, 0.02898476, 0.5304873, -0.2250744, -0.8172674, -0.731754, 0.3651056, -0.57553], "cam_t_m2c": [26.336648097918395, -150.52906708923018, 934.8887403687218], "obj_id": 15}],
  "58": [{"cam_R_m2c": [-0.1380635, -0.96746, -0.2120368, -0.6309093, 0.2509381, -0.7341553, 0.7634737, 0.03241642, -0.6450251], "cam_t_m2c": [155.39263537206594, -19.303814151972464, 756.6117277203152], "obj_id": 2}, {"cam_R_m2c": [0.9221618, -0.3518094, 0.1607695, -0.1101826, -0.6373348, -0.7626691, 0.3707778, 0.6855901, -0.62649], "cam_t_m2c": [-172.38340326989518, -14.3217345530159, 730.1934734032845], "obj_id": 8}, {"cam_R_m2c": [0.4616527, 0.8866543, 0.02683757, 0.5216511, -0.2468882, -0.8166554, -0.7174649, 0.391011, -0.5765014], "cam_t_m2c": [18.902973780659828, -150.33421515807362, 933.9367676597227], "obj_id": 15}],
  "59": [{"cam_R_m2c": [-0.1708482, -0.9625802, -0.2103596, -0.628567, 0.2708895, -0.7290562, 0.7587594, 0.007667184, -0.6513264], "cam_t_m2c": [156.14424875127372, -21.618976970661546, 759.4346729646643], "obj_id": 2}, {"cam_R_m2c": [0.909753, -0.3825881, 0.1611709, -0.1295706, -0.6304986, -0.7652993, 0.3944121, 0.6753505, -0.6231698], "cam_t_m2c": [-170.66271464459075, -9.82821586587601, 724.5327838312553], "obj_id": 8}, {"cam_R_m2c": [0.4908061, 0.8709132, 0.02489895, 0.5125926, -0.2655288, -0.8165434, -0.704527, 0.4135278, -0.5767462], "cam_t_m2c": [12.418080793754386, -149.94646543342017, 932.9784771185367], "obj_id": 15}],
  "60": [{"cam_R_m2c": [-0.2073368, -0.9557689, -0.2086058, -0.6244248, 0.2934484, -0.7238665, 0.7530639, -0.01982552, -0.6576486], "cam_t_m2c": [156.76795484636534, -24.189985550491713, 762.9172156033379], "obj_id": 2}, {"cam_R_m2c": [0.8947292, -0.4165756, 0.1610058, -0.1509521, -0.6213717, -0.7688376, 0.4203234, 0.6635971, -0.6188428], "cam_t_m2c": [-168.53157072993622, -4.715682182520293, 718.6372631420525], "obj_id": 8}, {"cam_R_m2c": [0.5227873, 0.8521709, 0.02228785, 0.5009554, -0.2859607, -0.8168662, -0.6897359, 0.4382129, -0.5763965], "cam_t_m2c": [5.131297499458123, -149.11354628441887, 932.1593708027627], "obj_id": 15}],
  "61": [{"cam_R_m2c": [-0.2395845, -0.9487007, -0.2063164, -0.6228121, 0.3132002, -0.7169452, 0.7447849, -0.04327261, -0.6659009], "cam_t_m2c": [157.25937158053952, -26.540384332152748, 765.598448573422], "obj_id": 2}, {"cam_R_m2c": [0.8802381, -0.4463261, 0.1611624, -0.170968, -0.6151039, -0.7696858, 0.4426629, 0.6499534, -0.6177464], "cam_t_m2c": [-166.31374968662186, -0.18573579880142255, 713.0083529865127], "obj_id": 8}, {"cam_R_m2c": [0.5506826, 0.8344643, 0.02043258, 0.4926177, -0.3051344, -0.8149967, -0.6738511, 0.4588707, -0.579105], "cam_t_m2c": [-1.2504206134503932, -148.9351178311468, 930.3305971923724], "obj_id": 15}],
